n = 100
t = [0 658 305 157 93 448 700 522 464 475 845 467 287 348 499 231 260 419 335 779 651 315 618 286 548 399 128 537 243 567 603 392 503 663 45 403 608 578 556 531 456 322 476 555 435 511 357 756 227 389 302 321 197 277 699 667 361 208 283 749 760 725 792 741 453 501 698 723 255 477 425 113 64 608 371 97 264 209 777 566 478 159 299 460 714 570 426 461 695 319 360 685 577 364 765 737 453 797 832 213; 658 0 425 633 750 691 170 725 497 563 198 203 821 407 263 522 452 696 440 139 277 691 629 864 702 690 770 292 772 752 151 626 163 384 679 1035 69 167 250 654 438 636 640 532 329 152 322 250 836 1027 504 795 855 667 108 122 821 676 659 408 686 438 315 544 361 331 431 71 620 222 756 753 721 82 778 577 480 459 565 144 460 719 871 802 160 564 660 228 722 942 472 384 89 837 725 677 271 155 184 627; 305 425 0 375 393 312 417 371 200 243 623 292 565 45 391 334 287 587 47 562 537 271 687 580 676 571 382 448 514 411 326 530 311 360 304 707 360 300 441 640 168 222 595 593 133 275 111 462 528 692 381 575 482 243 432 395 613 253 236 671 808 668 657 729 149 197 645 477 432 331 623 365 353 355 599 207 56 216 763 391 495 307 592 668 435 316 573 313 783 623 96 614 366 622 830 789 343 536 575 408; 157 633 375 0 191 587 711 661 565 589 802 430 198 419 423 120 183 263 417 736 562 463 468 232 392 243 265 448 146 706 614 237 469 726 201 406 596 592 476 377 542 459 321 415 487 501 383 779 207 401 177 200 288 422 696 670 238 359 427 639 612 608 704 608 517 559 580 702 99 423 274 255 197 600 231 205 354 186 644 516 350 315 240 313 721 678 270 411 542 313 455 575 545 247 614 588 385 783 815 56; 93 750 393 191 0 494 792 567 539 542 936 557 247 435 581 294 337 435 419 869 730 354 658 226 572 415 83 616 215 610 696 422 593 749 91 315 700 671 637 562 537 374 506 606 524 603 449 848 159 300 362 298 108 320 792 760 336 247 329 820 802 793 872 799 540 590 765 815 287 563 427 81 42 701 361 187 348 296 834 654 538 174 241 455 807 640 450 548 727 236 440 756 667 334 801 777 536 889 925 244; 448 691 312 587 494 0 619 74 204 144 882 599 733 304 703 597 571 840 274 829 846 142 982 720 951 821 431 760 691 119 556 795 611 437 415 775 622 532 751 921 258 128 871 894 363 558 417 626 653 755 659 768 528 174 661 620 809 247 166 982 1111 980 959 1040 331 368 957 725 672 640 860 422 454 611 815 383 283 492 1074 691 798 324 734 900 641 218 836 623 1075 717 229 926 652 811 1129 1090 655 762 801 637; 700 170 417 711 792 619 0 638 416 479 290 312 908 384 408 614 543 821 413 262 446 653 786 942 846 812 795 448 856 657 97 751 277 238 710 1097 143 122 408 799 363 595 778 686 290 216 343 83 903 1085 614 893 891 638 67 52 923 665 628 577 851 607 477 713 301 255 600 145 720 350 878 778 757 130 888 607 472 526 734 297 605 724 951 924 22 453 789 349 881 1007 429 553 227 938 890 842 401 146 183 717; 522 725 371 661 567 74 638 0 228 162 911 650 806 356 758 668 639 913 329 862 897 213 1049 792 1022 894 502 816 765 45 584 867 658 436 489 843 656 562 805 991 287 201 941 960 403 600 470 636 726 822 729 842 597 247 685 645 883 320 239 1035 1176 1036 1004 1100 365 396 1014 754 745 694 933 494 527 644 889 456 348 561 1134 738 863 395 807 973 660 203 908 677 1143 788 281 981 694 885 1195 1156 712 783 821 710; 464 497 200 565 539 204 416 228 0 66 683 437 744 165 553 533 486 787 153 634 683 266 880 750 876 770 503 611 696 256 356 730 440 247 449 850 428 334 595 839 60 210 795 783 180 376 270 425 691 832 581 763 607 267 459 418 802 323 255 823 995 829 782 903 139 168 809 526 629 484 821 488 497 416 793 373 211 416 935 518 685 402 763 865 438 116 773 469 978 776 110 773 470 809 1020 977 510 559 598 603; 475 563 243 589 542 144 479 162 66 0 749 499 760 216 613 570 528 823 196 700 746 233 929 760 918 805 496 671 713 190 422 769 504 293 453 846 494 400 656 883 126 184 837 835 245 442 327 482 698 827 622 784 600 244 523 483 824 310 233 886 1049 890 847 961 205 233 870 592 661 545 853 483 499 482 820 389 240 455 994 582 736 390 774 896 501 99 811 529 1026 777 147 834 535 830 1072 1030 569 623 661 631; 845 198 623 802 936 882 290 911 683 749 0 379 981 604 391 686 620 820 637 67 318 888 696 1030 795 818 962 394 934 934 327 753 342 528 869 1209 264 350 352 748 625 833 748 611 523 349 519 339 1009 1202 655 946 1043 864 231 269 968 873 856 397 713 443 260 557 551 516 449 157 774 380 884 944 909 273 918 769 677 640 566 287 565 915 1035 926 270 737 780 392 776 1115 667 405 269 985 758 711 420 156 137 788; 467 203 292 430 557 599 312 650 437 499 379 0 619 295 122 319 249 509 325 312 248 561 494 662 539 501 586 178 569 685 228 439 40 435 493 834 176 217 157 492 380 514 468 392 259 103 183 392 634 827 306 594 664 529 279 263 622 521 524 386 585 393 365 473 305 305 373 273 419 50 567 569 531 185 581 395 338 261 503 104 302 550 668 613 316 535 477 40 593 741 370 335 114 637 617 570 94 355 386 424; 287 821 565 198 247 733 908 806 744 760 981 619 0 609 592 299 370 261 604 915 714 596 515 67 397 245 327 605 52 851 811 287 658 921 317 255 789 789 639 406 728 608 356 499 682 696 580 976 111 260 328 70 280 559 890 866 97 487 567 764 653 724 852 695 711 754 697 892 208 605 223 328 282 794 145 372 536 384 728 696 468 420 63 234 917 854 294 595 558 172 637 703 732 90 640 628 561 974 1005 195; 348 407 45 419 435 304 384 356 165 216 604 295 609 0 402 373 322 626 33 546 543 284 715 625 711 610 422 460 559 394 297 567 308 315 346 750 340 271 449 673 126 230 630 619 95 262 114 425 572 735 417 619 523 261 405 366 657 281 252 679 833 680 656 747 105 154 658 454 473 338 663 405 396 333 642 251 91 256 780 389 521 341 637 709 403 280 610 320 812 667 75 625 356 666 856 814 356 509 548 451; 499 263 391 423 581 703 408 758 553 613 391 122 592 402 0 304 246 437 430 327 156 649 380 644 441 432 625 58 547 796 336 367 139 555 533 828 265 330 57 393 498 607 377 279 378 218 288 491 629 824 264 555 689 614 361 356 576 594 610 280 464 278 293 352 424 427 257 331 385 72 499 609 563 278 528 446 429 292 383 119 198 608 648 543 407 654 399 85 478 734 477 223 182 594 497 450 50 415 438 402; 231 522 334 120 294 597 614 668 533 570 686 319 299 373 304 0 72 253 381 619 443 492 398 344 354 237 356 329 250 712 519 199 359 660 273 524 491 500 356 325 500 474 274 326 422 400 308 687 325 520 72 278 399 450 592 570 310 400 452 526 537 498 585 510 459 494 470 593 108 307 291 343 288 497 280 229 330 118 547 399 247 378 350 337 623 649 241 297 483 431 426 462 433 324 546 514 267 675 706 105; 260 452 287 183 337 571 543 639 486 528 620 249 370 322 246 72 0 308 334 553 393 479 411 413 390 293 388 279 320 683 448 246 288 595 298 589 419 429 301 355 447 453 309 327 361 328 245 616 389 583 94 350 444 438 521 499 381 397 439 490 543 468 535 495 401 431 441 522 178 240 352 373 322 425 348 230 293 80 531 333 235 390 420 399 551 601 289 228 503 496 382 426 363 395 558 521 204 604 635 176; 419 696 587 263 435 840 821 913 787 823 820 509 261 626 437 253 308 0 634 758 518 723 255 327 140 20 516 426 248 958 733 70 546 901 463 511 684 718 468 146 752 714 99 255 668 607 552 900 359 518 217 193 508 682 786 772 187 621 686 535 392 489 644 443 708 739 464 766 168 477 65 509 452 694 126 459 582 371 474 555 259 577 322 106 825 902 42 475 301 433 679 480 610 206 382 368 426 850 875 208; 335 440 47 417 419 274 413 329 153 196 637 325 604 33 430 381 334 634 0 579 573 251 733 615 724 617 401 487 553 368 328 577 339 329 329 734 373 301 478 688 125 197 643 639 124 295 143 451 561 719 428 617 503 229 436 397 655 252 220 708 854 708 687 772 124 175 685 487 477 367 669 384 379 365 643 238 72 263 805 420 541 315 628 713 432 269 620 349 830 653 50 653 388 664 876 835 383 540 579 452; 779 139 562 736 869 829 262 862 634 700 67 312 915 546 327 619 553 758 579 0 266 830 645 964 739 755 896 332 868 887 280 690 276 497 803 1142 208 301 290 691 575 775 688 557 468 287 457 323 942 1135 589 881 976 804 197 230 903 811 797 362 672 405 236 518 499 467 407 117 709 313 822 879 843 219 854 703 616 574 531 220 505 851 969 864 243 695 719 325 729 1048 611 361 204 920 716 669 354 152 150 722; 651 277 537 562 730 846 446 897 683 746 318 248 714 543 156 443 393 518 573 266 0 801 379 771 479 519 778 115 673 933 402 455 243 639 686 959 315 407 99 432 624 757 437 294 503 314 430 526 764 957 391 667 837 767 385 396 682 749 762 142 413 163 142 268 547 539 154 326 508 207 583 762 715 331 628 602 579 446 289 170 259 764 773 622 437 775 477 224 463 867 618 107 236 701 455 407 206 399 409 532; 315 691 271 463 354 142 653 213 266 233 888 561 596 284 649 492 479 723 251 830 801 0 887 580 842 703 289 703 556 257 575 684 582 512 279 634 624 549 703 816 300 59 763 805 369 545 382 678 513 614 559 636 387 41 683 643 676 109 40 929 1021 920 926 967 352 400 895 737 554 596 736 281 315 616 686 265 223 399 1002 662 713 182 595 774 674 328 723 578 975 576 225 869 636 677 1035 999 599 787 826 516; 618 629 687 468 658 982 786 1049 880 929 696 494 515 715 380 398 411 255 733 645 379 887 0 581 136 270 733 339 497 1092 716 239 519 928 662 766 643 709 380 110 833 863 159 102 724 596 613 869 608 773 328 447 745 846 734 734 440 797 847 334 144 282 468 203 770 785 264 690 371 447 306 723 665 657 380 626 702 490 229 489 197 772 576 324 783 992 222 454 99 687 783 299 559 459 149 119 400 770 784 414; 286 864 580 232 226 720 942 792 750 760 1030 662 67 625 644 344 413 327 615 964 771 580 581 0 463 312 298 660 98 836 844 353 701 939 308 191 828 822 693 473 739 598 423 564 703 734 607 1007 68 194 382 136 234 546 928 902 157 472 554 826 719 787 910 761 728 773 760 934 263 652 288 302 266 832 209 378 545 416 794 744 530 399 15 296 953 856 360 641 624 106 644 765 776 144 707 695 611 1015 1047 243; 548 702 676 392 572 951 846 1022 876 918 795 539 397 711 441 354 390 140 724 739 479 842 136 463 0 159 652 413 388 1066 766 158 570 959 593 642 704 755 456 48 835 827 81 186 738 641 622 928 499 651 296 327 648 800 802 795 314 744 803 460 259 409 586 339 781 805 388 768 293 497 178 644 587 716 256 576 681 464 365 558 243 707 456 190 846 990 122 500 161 568 771 416 623 332 243 235 446 851 870 336; 399 690 571 243 415 821 812 894 770 805 818 501 245 610 432 237 293 20 617 755 519 703 270 312 159 0 496 424 231 939 723 65 538 888 443 498 676 707 465 161 736 695 112 263 654 597 538 891 341 504 204 179 489 662 778 764 177 601 666 541 408 496 647 454 694 725 470 760 149 470 67 489 432 686 116 440 565 355 486 549 260 557 307 112 817 886 50 467 319 418 662 485 603 196 399 384 419 844 869 188; 128 770 382 265 83 431 795 502 503 496 962 586 327 422 625 356 388 516 401 896 778 289 733 298 652 496 0 665 298 545 701 500 620 727 94 350 716 675 682 640 509 318 585 676 515 620 457 844 230 331 426 380 105 260 802 767 418 188 271 877 877 853 919 866 524 575 825 833 363 599 510 17 69 714 444 193 331 334 902 688 603 108 313 538 812 595 530 583 805 286 412 813 692 415 879 853 578 903 940 320; 537 292 448 448 616 760 448 816 611 671 394 178 605 460 58 329 279 426 487 332 115 703 339 660 413 424 665 0 562 853 382 360 191 607 573 847 306 379 43 365 555 662 357 240 436 270 346 531 651 845 279 562 723 667 396 396 580 644 664 226 412 221 257 295 482 483 199 356 398 128 490 649 601 320 528 492 484 335 325 151 173 654 663 532 444 712 387 143 434 755 535 166 221 598 447 399 105 438 457 420; 243 772 514 146 215 691 856 765 696 713 934 569 52 559 547 250 320 248 553 868 673 556 497 98 388 231 298 562 0 809 759 263 609 869 277 288 738 738 595 391 678 565 338 472 630 645 528 925 111 289 284 83 266 518 839 815 121 447 526 730 638 692 812 670 659 702 664 842 165 557 223 296 246 743 150 324 486 332 703 648 433 384 101 244 866 806 276 547 549 198 587 668 683 121 630 614 515 924 955 146; 567 752 411 706 610 119 657 45 256 190 934 685 851 394 796 712 683 958 368 887 933 257 1092 836 1066 939 545 853 809 0 608 911 692 445 533 884 683 587 841 1035 315 247 986 1002 434 631 508 649 770 862 772 887 638 292 706 666 928 364 284 1071 1218 1074 1037 1140 394 421 1052 777 790 730 978 537 571 670 934 501 390 604 1173 771 904 438 851 1018 679 210 952 713 1186 830 319 1018 725 930 1237 1198 750 803 840 755; 603 151 326 614 696 556 97 584 356 422 327 228 811 297 336 519 448 733 328 280 402 575 716 844 766 723 701 382 759 608 0 663 198 238 615 999 89 27 347 720 299 518 695 614 206 126 247 168 805 988 522 797 795 556 108 69 829 578 547 542 793 565 462 664 227 189 553 170 626 271 788 684 661 73 795 512 382 429 688 238 528 633 853 835 111 415 702 267 814 909 350 508 168 843 829 781 321 213 252 622; 392 626 530 237 422 795 751 867 730 769 753 439 287 567 367 199 246 70 577 690 455 684 239 353 158 65 500 360 263 911 663 0 476 836 436 542 614 649 400 140 693 670 84 212 605 537 488 830 372 547 152 226 507 642 716 702 232 586 646 483 382 441 585 408 646 674 414 696 138 407 131 491 433 624 174 419 529 314 441 485 196 550 350 176 755 846 43 404 305 458 624 426 540 251 379 357 355 780 805 180; 503 163 311 469 593 611 277 658 440 504 342 40 658 308 139 359 288 546 339 276 243 582 519 701 570 538 620 191 609 692 198 476 0 416 527 873 138 191 162 523 382 532 501 417 260 79 200 359 673 865 345 633 700 551 241 227 661 547 545 384 602 396 348 483 304 298 379 234 459 73 604 603 567 149 620 428 360 299 511 81 330 580 708 650 280 533 512 71 617 780 382 338 75 676 636 589 124 316 347 464; 663 384 360 726 749 437 238 436 247 293 528 435 921 315 555 660 595 901 329 497 639 512 928 939 959 888 727 607 869 445 238 836 416 0 658 1064 328 233 576 916 220 456 883 826 240 337 351 208 887 1048 685 924 831 511 301 268 960 560 499 780 1018 801 699 896 211 168 788 380 766 484 948 711 708 312 938 566 401 548 923 471 733 634 951 995 259 236 877 475 1028 982 315 744 404 971 1051 1005 528 380 413 750; 45 679 304 201 91 415 710 489 449 453 869 493 317 346 533 273 298 463 329 803 686 279 662 308 593 443 94 573 277 533 615 436 527 658 0 405 625 589 589 576 446 291 520 599 437 529 369 763 245 390 345 357 181 242 714 680 397 171 250 788 805 765 826 784 451 501 738 742 299 506 467 77 50 625 411 103 258 240 820 594 520 115 322 501 726 550 471 489 740 327 349 723 600 398 810 781 485 813 850 257; 403 1035 707 406 315 775 1097 843 850 846 1209 834 255 750 828 524 589 511 734 1142 959 634 766 191 642 498 350 847 288 884 999 542 873 1064 405 0 993 975 878 656 851 668 609 754 837 897 755 1157 200 23 568 319 248 609 1090 1061 328 538 620 1017 900 978 1099 950 855 904 951 1104 452 829 464 363 356 996 387 500 663 577 982 922 721 457 193 461 1110 945 547 817 801 93 753 956 948 310 884 876 791 1182 1216 427; 608 69 360 596 700 622 143 656 428 494 264 176 789 340 265 491 419 684 373 208 315 624 643 828 704 676 716 306 738 683 89 614 138 328 625 993 0 101 267 657 369 569 637 543 260 97 262 226 795 984 482 768 804 600 103 91 796 613 592 453 713 478 374 579 291 262 467 118 593 209 742 698 669 16 757 523 416 416 603 156 462 659 836 788 143 497 651 210 740 901 403 422 85 811 750 702 260 190 225 595; 578 167 300 592 671 532 122 562 334 400 350 217 789 271 330 500 429 718 301 301 407 549 709 822 755 707 675 379 738 587 27 649 191 233 589 975 101 0 346 710 276 492 683 608 180 115 221 187 782 964 506 777 770 530 134 95 809 551 520 548 791 569 474 665 202 166 556 193 606 263 771 658 636 86 776 486 356 406 690 239 519 606 831 819 137 397 688 257 808 886 324 511 171 823 826 778 311 239 278 601; 556 250 441 476 637 751 408 805 595 656 352 157 639 449 57 356 301 468 478 290 99 703 380 693 456 465 682 43 595 841 347 400 162 576 589 878 267 346 0 408 538 659 400 282 416 240 335 491 681 875 312 599 745 668 355 356 618 650 664 230 447 235 236 321 462 459 217 313 431 111 532 666 620 282 567 503 481 349 349 111 216 665 697 574 404 692 429 128 474 785 524 178 182 636 483 435 106 395 414 451; 531 654 640 377 562 921 799 991 839 883 748 492 406 673 393 325 355 146 688 691 432 816 110 473 48 161 640 365 391 1035 720 140 523 916 576 656 657 710 408 0 796 799 56 140 697 595 582 881 502 663 263 338 644 775 754 748 331 721 777 418 248 369 542 306 741 763 346 720 278 450 196 632 573 669 270 552 648 431 335 510 195 688 467 218 799 953 115 453 165 578 736 372 575 349 241 223 399 803 822 321; 456 438 168 542 537 258 363 287 60 126 625 380 728 126 498 500 447 752 125 575 624 300 833 739 835 736 509 555 678 315 299 693 382 220 446 851 369 276 538 796 0 242 754 735 122 317 220 379 683 835 542 742 614 293 403 363 780 340 282 765 945 773 722 849 79 111 753 468 600 428 790 494 495 357 767 361 194 382 880 459 637 414 752 835 385 159 736 413 931 773 98 716 410 789 971 927 456 505 544 576; 322 636 222 459 374 128 595 201 210 184 833 514 608 230 607 474 453 714 197 775 757 59 863 598 827 695 318 662 565 247 518 670 532 456 291 668 569 492 659 799 242 0 747 778 312 492 332 619 533 648 538 642 420 60 625 585 682 130 49 887 995 881 878 933 294 342 857 681 546 551 733 307 332 561 688 255 178 373 968 613 684 211 612 772 616 282 710 533 954 603 168 829 584 685 1011 974 558 730 769 509; 476 640 595 321 506 871 778 941 795 837 748 468 356 630 377 274 309 99 643 688 437 763 159 423 81 112 585 357 338 986 695 84 501 883 520 609 637 683 400 56 754 747 0 159 659 569 543 859 449 615 215 290 589 722 737 728 287 667 725 441 301 394 556 344 702 726 369 708 222 429 159 576 518 649 226 498 600 383 375 497 184 633 418 189 780 910 63 430 221 529 691 389 558 305 296 276 377 792 813 265; 555 532 593 415 606 894 686 960 783 835 611 392 499 619 279 326 327 255 639 557 294 805 102 564 186 263 676 240 472 1002 614 212 417 826 599 754 543 608 282 140 735 778 159 0 625 494 515 769 580 758 254 438 701 765 636 634 440 721 765 282 217 235 402 197 671 684 210 595 325 345 317 665 608 557 380 551 612 406 232 390 98 704 562 348 683 894 214 352 201 669 689 233 459 459 237 196 298 676 692 365; 435 329 133 487 524 363 290 403 180 245 523 259 682 95 378 422 361 668 124 468 503 369 724 703 738 654 515 436 630 434 206 605 260 240 437 837 260 180 416 697 122 312 659 625 0 197 117 330 654 823 453 684 615 350 314 274 721 376 341 644 831 652 602 730 47 72 633 369 528 307 712 498 486 250 699 338 185 308 761 338 527 436 714 759 309 276 647 293 824 752 145 594 291 731 859 814 338 419 457 511; 511 152 275 501 603 558 216 600 376 442 349 103 696 262 218 400 328 607 295 287 314 545 596 734 641 597 620 270 645 631 126 537 79 337 529 897 97 115 240 595 317 492 569 494 197 0 170 293 700 887 398 678 707 518 194 170 708 524 511 457 681 471 406 561 238 224 456 213 505 149 662 603 573 99 672 427 329 320 589 145 405 567 742 709 223 462 576 142 694 805 332 414 95 723 715 668 197 286 322 504; 357 322 111 383 449 417 343 470 270 327 519 183 580 114 288 308 245 552 143 457 430 382 613 607 622 538 457 346 528 508 247 488 200 351 369 755 262 221 335 582 220 332 543 515 117 170 0 402 564 743 336 577 549 352 345 312 612 354 346 565 726 566 546 634 159 187 544 379 415 224 597 439 415 259 587 265 161 199 667 280 417 397 617 644 358 379 531 207 712 666 190 511 257 624 751 708 242 446 484 401; 756 250 462 779 848 626 83 636 425 482 339 392 976 425 491 687 616 900 451 323 526 678 869 1007 928 891 844 531 925 649 168 830 359 208 763 1157 226 187 491 881 379 619 859 769 330 293 402 0 966 1144 691 965 943 667 142 135 997 702 656 655 934 687 549 794 330 279 680 213 793 431 955 827 811 212 963 661 515 593 814 380 687 766 1017 1002 89 440 869 430 965 1068 457 634 310 1010 972 924 483 183 212 789; 227 836 528 207 159 653 903 726 691 698 1009 634 111 572 629 325 389 359 561 942 764 513 608 68 499 341 230 651 111 770 805 372 673 887 245 200 795 782 681 502 683 533 449 580 654 700 564 966 0 194 373 179 170 479 893 865 209 406 489 830 749 795 905 777 676 723 767 905 262 629 329 235 200 798 253 323 490 380 812 722 535 332 83 344 915 794 387 617 659 107 587 767 749 200 740 725 592 984 1017 232; 389 1027 692 401 300 755 1085 822 832 827 1202 827 260 735 824 520 583 518 719 1135 957 614 773 194 651 504 331 845 289 862 988 547 865 1048 390 23 984 964 875 663 835 648 615 758 823 887 743 1144 194 0 566 326 228 589 1080 1050 337 519 600 1018 909 980 1098 954 840 889 953 1095 452 823 473 344 340 986 395 486 647 568 987 916 722 438 197 472 1099 926 553 810 810 91 737 956 941 320 894 885 786 1173 1207 425; 302 504 381 177 362 659 614 729 581 622 655 306 328 417 264 72 94 217 428 589 391 559 328 382 296 204 426 279 284 772 522 152 345 685 345 568 482 506 312 263 542 538 215 254 453 398 336 691 373 566 0 292 463 518 585 567 317 469 519 463 466 432 532 439 494 522 404 575 120 283 266 414 358 490 275 299 385 169 476 372 177 449 385 313 620 696 195 277 417 476 476 399 416 333 477 443 237 659 687 141; 321 795 575 200 298 768 893 842 763 784 946 594 70 619 555 278 350 193 617 881 667 636 447 136 327 179 380 562 83 887 797 226 633 924 357 319 768 777 599 338 742 642 290 438 684 678 577 965 179 326 292 0 344 597 870 848 40 527 604 708 584 667 803 632 716 756 640 866 175 575 153 379 328 774 74 395 552 378 664 664 416 465 129 166 901 875 228 567 488 241 653 649 706 47 571 560 529 949 978 176; 197 855 482 288 108 528 891 597 607 600 1043 664 280 523 689 399 444 508 503 976 837 387 745 234 648 489 105 723 266 638 795 507 700 831 181 248 804 770 745 644 614 420 589 701 615 707 549 943 170 228 463 344 0 361 894 861 377 291 372 925 889 896 979 896 627 677 867 920 377 671 489 120 135 804 415 284 433 404 932 762 639 210 248 509 906 699 530 656 807 194 516 860 774 369 885 864 644 992 1029 336; 277 667 243 422 320 174 638 247 267 244 864 529 559 261 614 450 438 682 229 804 767 41 846 546 800 662 260 667 518 292 556 642 551 511 242 609 600 530 668 775 293 60 722 765 350 518 352 667 479 589 518 597 361 0 664 625 637 73 12 893 981 883 893 928 338 388 858 715 513 562 696 250 280 594 647 224 191 359 963 631 673 152 561 734 658 342 682 544 934 546 210 832 609 639 994 959 564 769 808 475; 699 108 432 696 792 661 67 685 459 523 231 279 890 405 361 592 521 786 436 197 385 683 734 928 802 778 802 396 839 706 108 716 241 301 714 1090 103 134 355 754 403 625 737 636 314 194 345 142 893 1080 585 870 894 664 0 40 899 685 654 513 794 545 411 652 334 292 539 79 696 310 844 784 759 96 860 610 488 514 672 245 559 737 936 891 53 506 752 312 829 999 458 492 179 914 833 785 361 105 144 697; 667 122 395 670 760 620 52 645 418 483 269 263 866 366 356 570 499 772 397 230 396 643 734 902 795 764 767 396 815 666 69 702 227 268 680 1061 91 95 356 748 363 585 728 634 274 170 312 135 865 1050 567 848 861 625 40 0 878 647 615 529 800 558 435 663 293 252 550 114 675 299 829 750 726 79 841 577 451 486 685 245 554 701 910 876 53 468 740 299 830 970 418 503 175 893 838 790 351 145 183 674; 361 821 613 238 336 809 923 883 802 824 968 622 97 657 576 310 381 187 655 903 682 676 440 157 314 177 418 580 121 928 829 232 661 960 397 328 796 809 618 331 780 682 287 440 721 708 612 997 209 337 317 40 377 637 899 878 0 567 644 716 573 672 816 631 753 793 646 892 204 600 137 417 367 803 61 435 591 413 662 688 427 505 147 139 931 914 226 593 473 257 693 658 732 19 557 549 553 976 1004 211; 208 676 253 359 247 247 665 320 323 310 873 521 487 281 594 400 397 621 252 811 749 109 797 472 744 601 188 644 447 364 578 586 547 560 171 538 613 551 650 721 340 130 667 721 376 524 354 702 406 519 469 527 291 73 685 647 567 0 83 869 935 855 881 892 372 424 829 729 453 549 631 177 207 608 579 171 197 321 928 624 632 81 487 668 684 409 623 531 882 474 247 807 610 569 946 912 544 789 828 413; 283 659 236 427 329 166 628 239 255 233 856 524 567 252 610 452 439 686 220 797 762 40 847 554 803 666 271 664 526 284 547 646 545 499 250 620 592 520 664 777 282 49 725 765 341 511 346 656 489 600 519 604 372 12 654 615 644 83 0 889 981 880 888 926 328 377 855 706 517 557 701 260 289 585 653 227 185 359 962 625 672 163 569 739 648 331 685 539 935 557 200 829 602 647 995 959 560 759 798 479; 749 408 671 639 820 982 577 1035 823 886 397 386 764 679 280 526 490 535 708 362 142 929 334 826 460 541 877 226 730 1071 542 483 384 780 788 1017 453 548 230 418 765 887 441 282 644 457 565 655 830 1018 463 708 925 893 513 529 716 869 889 0 320 52 142 162 688 681 72 446 568 342 598 862 810 469 657 712 709 554 169 313 296 875 826 630 566 917 493 359 396 928 755 64 377 735 365 321 330 510 512 600; 760 686 808 612 802 1111 851 1176 995 1049 713 585 653 833 464 537 543 392 854 672 413 1021 144 719 259 408 877 412 638 1218 793 382 602 1018 805 900 713 791 447 248 945 995 301 217 831 681 726 934 749 909 466 584 889 981 794 800 573 935 981 320 0 270 462 158 878 887 265 739 515 535 437 866 809 728 514 764 828 623 160 557 313 913 713 447 845 1104 362 546 111 825 903 311 628 591 46 25 495 812 820 557; 725 438 668 608 793 980 607 1036 829 890 443 393 724 680 278 498 468 489 708 405 163 920 282 787 409 496 853 221 692 1074 565 441 396 801 765 978 478 569 235 369 773 881 394 235 652 471 566 687 795 980 432 667 896 883 545 558 672 855 880 52 270 0 193 114 697 693 28 482 533 345 552 838 785 494 612 694 704 537 128 330 260 857 786 582 598 927 448 361 344 890 755 58 398 691 315 270 325 550 554 566; 792 315 657 704 872 959 477 1004 782 847 260 365 852 656 293 585 535 644 687 236 142 926 468 910 586 647 919 257 812 1037 462 585 348 699 826 1099 374 474 236 542 722 878 556 402 602 406 546 549 905 1098 532 803 979 893 411 435 816 881 888 142 462 193 0 304 644 626 206 336 647 332 708 903 856 389 759 739 703 585 308 268 389 900 912 744 463 864 602 350 537 1007 730 171 313 834 507 463 342 388 384 673; 741 544 729 608 799 1040 713 1100 903 961 557 473 695 747 352 510 495 443 772 518 268 967 203 761 339 454 866 295 670 1140 664 408 483 896 784 950 579 665 321 306 849 933 344 197 730 561 634 794 777 954 439 632 896 928 652 663 631 892 926 162 158 114 304 0 776 778 114 592 521 423 501 853 797 595 570 725 758 571 36 426 263 884 758 524 705 1006 405 437 243 866 821 161 496 649 204 161 393 662 667 560; 453 361 149 517 540 331 301 365 139 205 551 305 711 105 424 459 401 708 124 499 547 352 770 728 781 694 524 482 659 394 227 646 304 211 451 855 291 202 462 741 79 294 702 671 47 238 159 330 676 840 494 716 627 338 334 293 753 372 328 688 878 697 644 776 0 51 678 395 564 354 750 508 500 280 735 356 194 344 807 380 573 439 740 797 322 230 688 339 869 772 128 640 331 763 905 861 385 438 476 545; 501 331 197 559 590 368 255 396 168 233 516 305 754 154 427 494 431 739 175 467 539 400 785 773 805 725 575 483 702 421 189 674 298 168 501 904 262 166 459 763 111 342 726 684 72 224 187 279 723 889 522 756 677 388 292 252 793 424 377 681 887 693 626 778 51 0 676 358 600 355 783 559 550 249 771 404 244 380 807 369 588 490 785 830 276 238 717 342 885 820 178 636 313 804 916 871 392 395 433 583; 698 431 645 580 765 957 600 1014 809 870 449 373 697 658 257 470 441 464 685 407 154 895 264 760 388 470 825 199 664 1052 553 414 379 788 738 951 467 556 217 346 753 857 369 210 633 456 544 680 767 953 404 640 867 858 539 550 646 829 855 72 265 28 206 114 678 676 0 478 504 325 526 811 757 483 586 668 680 510 135 316 232 830 759 558 591 909 422 341 332 862 734 47 385 665 309 263 303 548 555 538; 723 71 477 702 815 725 145 754 526 592 157 273 892 454 331 593 522 766 487 117 326 737 690 934 768 760 833 356 842 777 170 696 234 380 742 1104 118 193 313 720 468 681 708 595 369 213 379 213 905 1095 575 866 920 715 79 114 892 729 706 446 739 482 336 592 395 358 478 0 691 292 827 815 785 122 849 639 532 527 610 212 526 776 941 872 128 581 729 299 781 1011 514 431 160 908 780 732 342 85 113 697; 255 620 432 99 287 672 720 745 629 661 774 419 208 473 385 108 178 168 477 709 508 554 371 263 293 149 363 398 165 790 626 138 459 766 299 452 593 606 431 278 600 546 222 325 528 505 415 793 262 452 120 175 377 513 696 675 204 453 517 568 515 533 647 521 564 600 504 691 0 401 192 354 296 600 172 291 421 220 556 491 273 413 266 236 728 744 171 392 443 361 520 505 531 218 515 491 355 774 804 43; 477 222 331 423 563 640 350 694 484 545 380 50 605 338 72 307 240 477 367 313 207 596 447 652 497 470 599 128 557 730 271 407 73 484 506 829 209 263 111 450 428 551 429 345 307 149 224 431 629 823 283 575 671 562 310 299 600 549 557 342 535 345 332 423 354 355 325 292 401 0 536 583 541 220 557 413 373 268 454 93 257 571 657 582 351 584 442 18 545 736 413 289 133 617 567 521 52 377 404 410; 425 756 623 274 427 860 878 933 821 853 884 567 223 663 499 291 352 65 669 822 583 736 306 288 178 67 510 490 223 978 788 131 604 948 467 464 742 771 532 196 790 733 159 317 712 662 597 955 329 473 266 153 489 696 844 829 137 631 701 598 437 552 708 501 750 783 526 827 192 536 0 505 449 751 79 477 613 408 530 616 323 581 280 47 882 936 106 533 337 391 712 544 669 154 420 413 485 911 936 224; 113 753 365 255 81 422 778 494 488 483 944 569 328 405 609 343 373 509 384 879 762 281 723 302 644 489 17 649 296 537 684 491 603 711 77 363 698 658 666 632 494 307 576 665 498 603 439 827 235 344 414 379 120 250 784 750 417 177 260 862 866 838 903 853 508 559 811 815 354 583 505 0 58 697 441 176 315 317 889 671 590 99 318 534 794 582 522 566 797 296 396 798 675 415 869 842 562 885 922 311; 64 721 353 197 42 454 757 527 497 499 909 531 282 396 563 288 322 452 379 843 715 315 665 266 587 432 69 601 246 571 661 433 567 708 50 356 669 636 620 573 495 332 518 608 486 573 415 811 200 340 358 328 135 280 759 726 367 207 289 810 809 785 856 797 500 550 757 785 296 541 449 58 0 669 388 150 307 274 833 631 535 138 281 480 772 597 464 525 738 279 398 746 640 367 811 784 517 858 894 253; 608 82 355 600 701 611 130 644 416 482 273 185 794 333 278 497 425 694 365 219 331 616 657 832 716 686 714 320 743 670 73 624 149 312 625 996 16 86 282 669 357 561 649 557 250 99 259 212 798 986 490 774 804 594 96 79 803 608 585 469 728 494 389 595 280 249 483 122 600 220 751 697 669 0 765 522 410 419 619 171 475 655 840 798 131 483 661 220 754 904 394 438 100 818 765 717 272 189 225 601; 371 778 599 231 361 815 888 889 793 820 918 581 145 642 528 280 348 126 643 854 628 686 380 209 256 116 444 528 150 934 795 174 620 938 411 387 757 776 567 270 767 688 226 380 699 672 587 963 253 395 275 74 415 647 860 841 61 579 653 657 514 612 759 570 735 771 586 849 172 557 79 441 388 765 0 435 582 391 601 642 370 523 201 94 894 907 166 551 416 313 683 600 690 80 499 489 508 933 961 191; 97 577 207 205 187 383 607 456 373 389 769 395 372 251 446 229 230 459 238 703 602 265 626 378 576 440 193 492 324 501 512 419 428 566 103 500 523 486 503 552 361 255 498 551 338 427 265 661 323 486 299 395 284 224 610 577 435 171 227 712 764 694 739 725 356 404 668 639 291 413 477 176 150 522 435 0 167 158 761 498 464 163 391 518 623 482 458 396 712 416 266 649 500 441 775 742 397 710 747 254; 264 480 56 354 348 283 472 348 211 240 677 338 536 91 429 330 293 582 72 616 579 223 702 545 681 565 331 484 486 390 382 529 360 401 258 663 416 356 481 648 194 178 600 612 185 329 161 515 490 647 385 552 433 191 488 451 591 197 185 709 828 704 703 758 194 244 680 532 421 373 613 315 307 410 582 167 0 216 793 439 515 252 558 656 490 325 572 355 796 582 102 651 418 599 847 808 380 592 631 392; 209 459 216 186 296 492 526 561 416 455 640 261 384 256 292 118 80 371 263 574 446 399 490 416 464 355 334 335 332 604 429 314 299 548 240 577 416 406 349 431 382 373 383 406 308 320 199 593 380 568 169 378 404 359 514 486 413 321 359 554 623 537 585 571 344 380 510 527 220 268 408 317 274 419 391 158 216 0 607 358 314 321 425 454 537 532 357 252 583 485 309 491 374 425 638 601 244 605 639 203; 777 565 763 644 834 1074 734 1134 935 994 566 503 728 780 383 547 531 474 805 531 289 1002 229 794 365 486 902 325 703 1173 688 441 511 923 820 982 603 690 349 335 880 968 375 232 761 589 667 814 812 987 476 664 932 963 672 685 662 928 962 169 160 128 308 36 807 807 135 610 556 454 530 889 833 619 601 761 793 607 0 451 300 920 790 552 725 1037 436 468 257 899 854 181 521 680 206 168 425 677 680 595; 566 144 391 516 654 691 297 738 518 582 287 104 696 389 119 399 333 555 420 220 170 662 489 744 558 549 688 151 648 771 238 485 81 471 594 922 156 239 111 510 459 613 497 390 338 145 280 380 722 916 372 664 762 631 245 245 688 624 625 313 557 330 268 426 380 369 316 212 491 93 616 671 631 171 642 498 439 358 451 0 316 653 749 661 293 607 518 106 585 828 462 273 71 705 594 546 135 296 320 502; 478 460 495 350 538 798 605 863 685 736 565 302 468 521 198 247 235 259 541 505 259 713 197 530 243 260 603 173 433 904 528 196 330 733 520 721 462 519 216 195 637 684 184 98 527 405 417 687 535 722 177 416 639 673 559 554 427 632 672 296 313 260 389 263 573 588 232 526 273 257 323 590 535 475 370 464 515 314 300 316 0 621 530 363 605 796 218 262 297 632 591 235 380 445 335 294 208 610 630 307; 159 719 307 315 174 324 724 395 402 390 915 550 420 341 608 378 390 577 315 851 764 182 772 399 707 557 108 654 384 438 633 550 580 634 115 457 659 606 665 688 414 211 633 704 436 567 397 766 332 438 449 465 210 152 737 701 505 81 163 875 913 857 900 884 439 490 830 776 413 571 581 99 138 655 523 163 252 321 920 653 621 0 414 614 741 489 585 554 852 394 319 812 647 504 920 890 559 841 879 371; 299 871 592 240 241 734 951 807 763 774 1035 668 63 637 648 350 420 322 628 969 773 595 576 15 456 307 313 663 101 851 853 350 708 951 322 193 836 831 697 467 752 612 418 562 714 742 617 1017 83 197 385 129 248 561 936 910 147 487 569 826 713 786 912 758 740 785 759 941 266 657 280 318 281 840 201 391 558 425 790 749 530 414 0 286 961 869 356 647 617 111 657 765 783 133 700 689 616 1023 1054 247; 460 802 668 313 455 900 924 973 865 896 926 613 234 709 543 337 399 106 713 864 622 774 324 296 190 112 538 532 244 1018 835 176 650 995 501 461 788 819 574 218 835 772 189 348 759 709 644 1002 344 472 313 166 509 734 891 876 139 668 739 630 447 582 744 524 797 830 558 872 236 582 47 534 480 798 94 518 656 454 552 661 363 614 286 0 929 980 146 579 342 395 756 578 715 153 426 424 531 956 981 265; 714 160 435 721 807 641 22 660 438 501 270 316 917 403 407 623 551 825 432 243 437 674 783 953 846 817 812 444 866 679 111 755 280 259 726 1110 143 137 404 799 385 616 780 683 309 223 358 89 915 1099 620 901 906 658 53 53 931 684 648 566 845 598 463 705 322 276 591 128 728 351 882 794 772 131 894 623 490 537 725 293 605 741 961 929 0 475 792 351 878 1020 449 544 225 946 884 836 403 124 161 726; 570 564 316 678 640 218 453 203 116 99 737 535 854 280 654 649 601 902 269 695 775 328 992 856 990 886 595 712 806 210 415 846 533 236 550 945 497 397 692 953 159 282 910 894 276 462 379 440 794 926 696 875 699 342 506 468 914 409 331 917 1104 927 864 1006 230 238 909 581 744 584 936 582 597 483 907 482 325 532 1037 607 796 489 869 980 475 0 888 569 1090 875 224 870 551 921 1130 1087 614 599 635 717; 426 660 573 270 450 836 789 908 773 811 780 477 294 610 399 241 289 42 620 719 477 723 222 360 122 50 530 387 276 952 702 43 512 877 471 547 651 688 429 115 736 710 63 214 647 576 531 869 387 553 195 228 530 682 752 740 226 623 685 493 362 448 602 405 688 717 422 729 171 442 106 522 464 661 166 458 572 357 436 518 218 585 356 146 792 888 0 441 277 466 666 439 575 245 355 338 391 814 837 213; 461 228 313 411 548 623 349 677 469 529 392 40 595 320 85 297 228 475 349 325 224 578 454 641 500 467 583 143 547 713 267 404 71 475 489 817 210 257 128 453 413 533 430 352 293 142 207 430 617 810 277 567 656 544 312 299 593 531 539 359 546 361 350 437 339 342 341 299 392 18 533 566 525 220 551 396 355 252 468 106 262 554 647 579 351 569 441 0 553 723 396 305 139 609 577 531 55 383 411 401; 695 722 783 542 727 1075 881 1143 978 1026 776 593 558 812 478 483 503 301 830 729 463 975 99 624 161 319 805 434 549 1186 814 305 617 1028 740 801 740 808 474 165 931 954 221 201 824 694 712 965 659 810 417 488 807 934 829 830 473 882 935 396 111 344 537 243 869 885 332 781 443 545 337 797 738 754 416 712 796 583 257 585 297 852 617 342 878 1090 277 553 0 728 879 372 654 490 84 93 499 859 872 486; 319 942 623 313 236 717 1007 788 776 777 1115 741 172 667 734 431 496 433 653 1048 867 576 687 106 568 418 286 755 198 830 909 458 780 982 327 93 901 886 785 578 773 603 529 669 752 805 666 1068 107 91 476 241 194 546 999 970 257 474 557 928 825 890 1007 866 772 820 862 1011 361 736 391 296 279 904 313 416 582 485 899 828 632 394 111 395 1020 875 466 723 728 0 676 866 855 242 811 800 698 1090 1124 335; 360 472 96 455 440 229 429 281 110 147 667 370 637 75 477 426 382 679 50 611 618 225 783 644 771 662 412 535 587 319 350 624 382 315 349 753 403 324 524 736 98 168 691 689 145 332 190 457 587 737 476 653 516 210 458 418 693 247 200 755 903 755 730 821 128 178 734 514 520 413 712 396 398 394 683 266 102 309 854 462 591 319 657 756 449 224 666 396 879 676 0 700 426 700 926 884 431 562 601 493; 685 384 614 575 756 926 553 981 773 834 405 335 703 625 223 462 426 480 653 361 107 869 299 765 416 485 813 166 668 1018 508 426 338 744 723 956 422 511 178 372 716 829 389 233 594 414 511 634 767 956 399 649 860 832 492 503 658 807 829 64 311 58 171 161 640 636 47 431 505 289 544 798 746 438 600 649 651 491 181 273 235 812 765 578 544 870 439 305 372 866 700 0 341 677 354 307 271 502 509 537; 577 89 366 545 667 652 227 694 470 535 269 114 732 356 182 433 363 610 388 204 236 636 559 776 623 603 692 221 683 725 168 540 75 404 600 948 85 171 182 575 410 584 558 459 291 95 257 310 749 941 416 706 774 609 179 175 732 610 602 377 628 398 313 496 331 313 385 160 531 133 669 675 640 100 690 500 418 374 521 71 380 647 783 715 225 551 575 139 654 855 426 341 0 748 665 617 184 244 273 538; 364 837 622 247 334 811 938 885 809 830 985 637 90 666 594 324 395 206 664 920 701 677 459 144 332 196 415 598 121 930 843 251 676 971 398 310 811 823 636 349 789 685 305 459 731 723 624 1010 200 320 333 47 369 639 914 893 19 569 647 735 591 691 834 649 763 804 665 908 218 617 154 415 367 818 80 441 599 425 680 705 445 504 133 153 946 921 245 609 490 242 700 677 748 0 574 567 570 992 1021 223; 765 725 830 614 801 1129 890 1195 1020 1072 758 617 640 856 497 546 558 382 876 716 455 1035 149 707 243 399 879 447 630 1237 829 379 636 1051 810 884 750 826 483 241 971 1011 296 237 859 715 751 972 740 894 477 571 885 994 833 838 557 946 995 365 46 315 507 204 905 916 309 780 515 567 420 869 811 765 499 775 847 638 206 594 335 920 700 426 884 1130 355 577 84 811 926 354 665 574 0 48 525 854 862 558; 737 677 789 588 777 1090 842 1156 977 1030 711 570 628 814 450 514 521 368 835 669 407 999 119 695 235 384 853 399 614 1198 781 357 589 1005 781 876 702 778 435 223 927 974 276 196 814 668 708 924 725 885 443 560 864 959 785 790 549 912 959 321 25 270 463 161 861 871 263 732 491 521 413 842 784 717 489 742 808 601 168 546 294 890 689 424 836 1087 338 531 93 800 884 307 617 567 48 0 479 806 815 533; 453 271 343 385 536 655 401 712 510 569 420 94 561 356 50 267 204 426 383 354 206 599 400 611 446 419 578 105 515 750 321 355 124 528 485 791 260 311 106 399 456 558 377 298 338 197 242 483 592 786 237 529 644 564 361 351 553 544 560 330 495 325 342 393 385 392 303 342 355 52 485 562 517 272 508 397 380 244 425 135 208 559 616 531 403 614 391 55 499 698 431 271 184 570 525 479 0 426 453 368; 797 155 536 783 889 762 146 783 559 623 156 355 974 509 415 675 604 850 540 152 399 787 770 1015 851 844 903 438 924 803 213 780 316 380 813 1182 190 239 395 803 505 730 792 676 419 286 446 183 984 1173 659 949 992 769 105 145 976 789 759 510 812 550 388 662 438 395 548 85 774 377 911 885 858 189 933 710 592 605 677 296 610 841 1023 956 124 599 814 383 859 1090 562 502 244 992 854 806 426 0 39 780; 832 184 575 815 925 801 183 821 598 661 137 386 1005 548 438 706 635 875 579 150 409 826 784 1047 870 869 940 457 955 840 252 805 347 413 850 1216 225 278 414 822 544 769 813 692 457 322 484 212 1017 1207 687 978 1029 808 144 183 1004 828 798 512 820 554 384 667 476 433 555 113 804 404 936 922 894 225 961 747 631 639 680 320 630 879 1054 981 161 635 837 411 872 1124 601 509 273 1021 862 815 453 39 0 810; 213 627 408 56 244 637 717 710 603 631 788 424 195 451 402 105 176 208 452 722 532 516 414 243 336 188 320 420 146 755 622 180 464 750 257 427 595 601 451 321 576 509 265 365 511 504 401 789 232 425 141 176 336 475 697 674 211 413 479 600 557 566 673 560 545 583 538 697 43 410 224 311 253 601 191 254 392 203 595 502 307 371 247 265 726 717 213 401 486 335 493 537 538 223 558 533 368 780 810 0]
