n = 11
t = [0 369 722 621 125 988 875 851 185 731 815; 369 0 459 357 304 676 524 594 255 427 501; 722 459 0 105 717 872 312 899 538 707 739; 621 357 105 0 613 825 335 830 440 639 680; 125 304 717 613 0 876 827 730 222 620 705; 988 676 872 825 876 0 634 214 927 258 176; 875 524 312 335 827 634 0 723 714 548 546; 851 594 899 830 730 214 723 0 825 191 178; 185 255 538 440 222 927 714 825 0 673 751; 731 427 707 639 620 258 548 191 673 0 85; 815 501 739 680 705 176 546 178 751 85 0]
th = [5, 4, 9, 3, 9, 9, 6, 3, 0, 9, 3]
T = 5
d = [0, 6, 0, 9, 1, 7, 4, 8, 9, 7, 8]
C = 18
