n = 12
t = [0 776 698 1175 421 583 934 353 395 1020 903 555; 776 0 83 722 438 621 656 512 774 719 967 723; 698 83 0 770 382 593 676 451 722 744 956 688; 1175 722 770 0 765 631 275 824 899 216 646 722; 421 438 382 765 0 276 549 79 340 636 667 337; 583 621 593 631 276 0 365 280 268 448 391 115; 934 656 676 275 549 365 0 594 629 88 412 449; 353 512 451 824 79 280 594 0 278 681 662 314; 395 774 722 899 340 268 629 278 0 708 512 187; 1020 719 744 216 636 448 88 681 708 0 434 525; 903 967 956 646 667 391 412 662 512 434 0 358; 555 723 688 722 337 115 449 314 187 525 358 0]
th = [3, 9, 1, 4, 8, 8, 5, 1, 7, 2, 4, 8]
T = 7
d = [0, 5, 2, 3, 0, 8, 2, 6, 6, 4, 10, 5]
C = 20
