n = 13
t = [0 140 359 672 102 554 509 981 734 487 405 780 413; 140 0 467 644 39 468 373 942 635 365 450 758 274; 359 467 0 590 440 648 765 885 833 693 225 662 721; 672 644 590 0 656 304 618 312 388 500 365 116 704; 102 39 440 656 0 495 412 958 666 400 441 769 310; 554 468 648 304 495 0 320 523 189 204 456 408 429; 509 373 765 618 412 320 0 835 385 118 644 726 157; 981 942 885 312 958 523 835 0 488 724 665 223 953; 734 635 833 388 666 189 385 488 0 300 631 457 531; 487 365 693 500 400 204 118 724 300 0 549 608 235; 405 450 225 365 441 456 644 665 631 549 0 443 645; 780 758 662 116 769 408 726 223 457 608 443 0 817; 413 274 721 704 310 429 157 953 531 235 645 817 0]
th = [5, 3, 7, 2, 3, 4, 9, 6, 10, 8, 0, 1, 9]
T = 6
d = [0, 6, 8, 7, 3, 7, 0, 4, 1, 8, 10, 9, 2]
C = 20
