n = 14
t = [0 686 969 675 220 310 621 641 893 707 465 961 521 754; 686 0 308 531 554 503 421 151 829 98 986 430 342 68; 969 308 0 594 859 811 517 332 834 262 1196 250 514 247; 675 531 594 0 715 735 113 380 305 451 681 423 233 556; 220 554 859 715 0 92 630 556 980 602 677 905 507 621; 310 503 811 735 92 0 641 528 1014 562 762 881 514 568; 621 421 517 113 630 641 0 270 418 346 703 386 129 450; 641 151 332 380 556 528 270 0 679 85 879 353 205 183; 893 829 834 305 980 1014 418 679 0 743 732 609 535 846; 707 98 262 451 602 562 346 85 743 0 962 339 290 105; 465 986 1196 681 677 762 703 879 732 962 0 1089 683 1045; 961 430 250 423 905 881 386 353 609 339 1089 0 445 397; 521 342 514 233 507 514 129 205 535 290 683 445 0 386; 754 68 247 556 621 568 450 183 846 105 1045 397 386 0]
th = [6, 9, 1, 0, 5, 8, 10, 7, 5, 2, 0, 9, 8, 7]
T = 6
d = [0, 1, 1, 3, 7, 5, 7, 5, 2, 5, 6, 2, 1, 3]
C = 14
