n = 15
t = [0 522 80 871 121 651 720 659 812 546 643 353 334 711 542; 522 0 586 354 491 499 243 689 344 111 529 586 327 431 51; 80 586 0 929 195 658 792 635 886 599 722 318 360 734 610; 871 354 929 0 845 604 294 845 317 334 758 861 615 462 350; 121 491 195 845 0 715 659 754 745 539 528 461 385 753 501; 651 499 658 604 715 0 710 244 800 395 1003 403 331 153 549; 720 243 792 294 659 710 0 920 101 321 466 828 569 608 199; 659 689 635 845 754 244 920 0 1016 599 1145 321 420 396 740; 812 344 886 317 745 800 101 1016 0 418 482 930 671 690 300; 546 111 599 334 539 395 321 599 418 0 639 540 285 320 157; 643 529 722 758 528 1003 466 1145 482 639 0 925 725 957 489; 353 586 318 861 461 403 828 321 930 540 925 0 260 523 629; 334 327 360 615 385 331 569 420 671 285 725 260 0 378 371; 711 431 734 462 753 153 608 396 690 320 957 523 378 0 476; 542 51 610 350 501 549 199 740 300 157 489 629 371 476 0]
th = [4, 8, 6, 6, 5, 9, 7, 3, 2, 9, 6, 1, 2, 8, 7]
T = 2
d = [0, 2, 7, 6, 1, 7, 5, 2, 5, 1, 1, 2, 3, 6, 2]
C = 15
