n = 16
t = [0 167 391 403 644 473 601 613 726 283 399 516 736 99 364 859; 167 0 421 320 568 380 596 470 578 395 277 642 618 266 199 762; 391 421 0 741 378 314 222 550 949 652 363 365 556 397 497 607; 403 320 741 0 844 656 912 647 399 412 532 919 837 480 360 1003; 644 568 378 844 0 190 264 318 884 926 312 732 207 697 493 230; 473 380 314 656 190 0 328 238 730 752 125 676 272 539 310 387; 601 596 222 912 264 328 0 546 1051 871 434 506 471 617 610 458; 613 470 550 647 318 238 546 0 585 864 223 907 203 699 299 379; 726 578 949 399 884 730 1051 585 0 808 617 1219 782 820 452 958; 283 395 652 412 926 752 871 864 808 0 666 653 1007 257 580 1138; 399 277 363 532 312 125 434 223 617 666 0 702 342 480 185 487; 516 642 365 919 732 676 506 907 1219 653 702 0 919 446 791 952; 736 618 556 837 207 272 471 203 782 1007 342 919 0 808 480 177; 99 266 397 480 697 539 617 699 820 257 480 446 808 0 462 919; 364 199 497 360 493 310 610 299 452 580 185 791 480 462 0 644; 859 762 607 1003 230 387 458 379 958 1138 487 952 177 919 644 0]
th = [3, 3, 2, 5, 2, 5, 2, 4, 1, 8, 5, 2, 9, 8, 6, 6]
T = 5
d = [0, 1, 9, 5, 8, 8, 7, 9, 7, 5, 6, 0, 8, 6, 7, 6]
C = 18
