n = 17
t = [0 770 472 699 831 850 258 531 249 690 835 639 874 583 270 720 670; 770 0 543 593 452 688 514 250 529 577 197 369 213 271 622 197 485; 472 543 0 854 857 1002 314 435 395 839 705 226 531 273 203 387 770; 699 593 854 0 236 155 582 455 514 16 467 824 805 688 773 731 108; 831 452 857 236 0 256 649 422 602 229 278 765 661 632 831 630 180; 850 688 1002 155 256 0 736 589 669 167 530 956 901 820 927 847 234; 258 514 314 582 649 736 0 285 82 569 597 413 619 333 191 466 518; 531 250 435 455 422 589 285 0 284 439 313 368 414 233 435 297 356; 249 529 395 514 602 669 82 284 0 502 585 480 658 386 264 511 459; 690 577 839 16 229 167 569 439 502 0 454 808 789 672 760 715 92; 835 197 705 467 278 530 597 313 585 454 0 557 391 441 744 392 367; 639 369 226 824 765 956 413 368 480 808 557 0 309 136 395 182 724; 874 213 531 805 661 901 619 414 658 789 391 309 0 294 671 156 697; 583 271 273 688 632 820 333 233 386 672 441 136 294 0 379 139 588; 270 622 203 773 831 927 191 435 264 760 744 395 671 379 0 516 708; 720 197 387 731 630 847 466 297 511 715 392 182 156 139 516 0 625; 670 485 770 108 180 234 518 356 459 92 367 724 697 588 708 625 0]
th = [6, 5, 1, 6, 8, 6, 5, 2, 3, 4, 3, 2, 0, 3, 0, 5, 7]
T = 3
d = [0, 7, 2, 0, 2, 9, 3, 5, 8, 2, 7, 5, 2, 4, 1, 1, 1]
C = 18
