n = 18
t = [0 997 519 524 79 358 978 497 620 364 766 257 639 723 105 146 598 403; 997 0 480 498 1070 817 233 583 428 912 401 895 481 526 907 857 456 651; 519 480 0 90 593 416 479 195 158 483 324 458 282 361 433 377 155 207; 524 498 90 0 602 481 454 111 99 426 263 507 370 279 451 379 83 154; 79 1070 593 602 0 387 1056 576 698 426 845 278 695 801 165 224 676 482; 358 817 416 481 387 0 881 531 571 613 739 111 360 755 262 323 562 462; 978 233 479 454 1056 881 0 499 359 810 245 935 601 357 903 832 382 587; 497 583 195 111 576 531 499 0 154 330 271 535 476 235 443 355 127 94; 620 428 158 99 698 571 359 154 0 484 168 603 409 211 549 474 27 232; 364 912 483 426 426 613 810 330 484 0 567 554 730 476 388 297 456 276; 766 401 324 263 845 739 245 271 168 567 0 770 548 124 705 622 180 364; 257 895 458 507 278 111 935 535 603 554 770 0 457 768 175 257 590 453; 639 481 282 370 695 360 601 476 409 730 548 457 0 620 534 530 418 470; 723 526 361 279 801 755 357 235 211 476 124 768 620 0 676 584 206 326; 105 907 433 451 165 262 903 443 549 388 705 175 534 676 0 100 529 350; 146 857 377 379 224 323 832 355 474 297 622 257 530 584 100 0 452 261; 598 456 155 83 676 562 382 127 27 456 180 590 418 206 529 452 0 206; 403 651 207 154 482 462 587 94 232 276 364 453 470 326 350 261 206 0]
th = [6, 8, 4, 4, 1, 3, 6, 4, 4, 9, 6, 5, 7, 4, 7, 8, 10, 8]
T = 7
d = [0, 9, 8, 8, 3, 9, 1, 10, 2, 10, 9, 8, 9, 8, 8, 2, 7, 7]
C = 20
