n = 19
t = [0 461 454 761 952 278 619 311 645 418 836 429 363 710 490 451 262 736 259; 461 0 256 432 933 465 870 252 854 81 908 771 637 307 844 867 266 462 638; 454 256 0 307 679 594 659 421 629 181 655 612 465 292 684 749 193 286 523; 761 432 307 0 653 870 856 671 804 402 716 870 724 166 938 1027 499 90 812; 952 933 679 653 0 1195 548 1074 469 860 194 728 652 802 754 908 786 566 806; 278 465 594 870 1195 0 897 215 922 470 1098 702 640 769 759 693 422 874 532; 619 870 659 856 548 897 0 874 78 790 358 227 260 927 222 380 615 776 377; 311 252 421 671 1074 215 874 0 881 269 1007 718 616 559 785 761 292 685 555; 645 854 629 804 469 922 78 881 0 773 281 286 283 886 293 451 609 722 418; 418 81 181 402 860 470 790 269 773 0 830 698 562 304 772 803 195 417 573; 836 908 655 716 194 1098 358 1007 281 830 0 554 502 842 572 729 715 627 655; 429 771 612 870 728 702 227 718 286 698 554 0 148 902 74 184 505 806 170; 363 637 465 724 652 640 260 616 283 562 502 148 0 755 219 311 374 661 155; 710 307 292 166 802 769 927 559 886 304 842 902 755 0 974 1040 456 240 813; 490 844 684 938 754 759 222 785 293 772 572 74 219 974 0 158 579 871 232; 451 867 749 1027 908 693 380 761 451 803 729 184 311 1040 158 0 608 969 231; 262 266 193 499 786 422 615 292 609 195 715 505 374 456 579 608 0 478 378; 736 462 286 90 566 874 776 685 722 417 627 806 661 240 871 969 478 0 760; 259 638 523 812 806 532 377 555 418 573 655 170 155 813 232 231 378 760 0]
th = [2, 0, 0, 4, 7, 8, 8, 1, 6, 2, 2, 1, 5, 6, 9, 3, 4, 10, 1]
T = 2
d = [0, 7, 8, 2, 3, 3, 0, 8, 1, 1, 9, 8, 8, 1, 4, 6, 10, 2, 3]
C = 20
