n = 20
t = [0 452 610 235 349 851 172 1039 547 1007 373 320 748 414 699 666 1084 615 571 267; 452 0 321 306 468 403 498 617 656 619 312 486 299 179 453 383 672 167 344 379; 610 321 0 571 405 508 557 765 962 818 621 766 344 498 758 682 832 283 661 656; 235 306 571 0 479 668 375 827 408 783 141 195 596 198 465 433 867 470 337 86; 349 468 405 479 0 834 206 1073 871 1086 604 640 686 558 880 822 1133 570 752 553; 851 403 508 668 834 0 898 257 896 332 602 804 164 475 479 412 325 265 474 716; 172 498 557 375 206 898 0 1113 720 1100 515 491 771 519 830 786 1165 641 699 427; 1039 617 765 827 1073 257 1113 0 953 137 727 921 421 630 486 451 70 508 546 855; 547 656 962 408 871 896 720 953 0 855 344 231 891 481 469 505 964 792 423 324; 1007 619 818 783 1086 332 1100 137 855 0 668 851 485 593 387 370 114 543 472 798; 373 312 621 141 604 602 515 727 344 668 0 202 564 141 328 305 760 454 204 130; 320 486 766 195 640 804 491 921 231 851 202 0 760 336 481 481 949 642 379 110; 748 299 344 596 686 164 771 421 891 485 564 760 0 425 537 461 489 134 491 660; 414 179 498 198 558 475 519 630 481 593 141 336 425 0 323 269 672 313 195 242; 699 453 758 465 880 479 830 486 469 387 328 481 537 323 0 78 496 495 131 451; 666 383 682 433 822 412 786 451 505 370 305 481 461 269 78 0 471 417 102 434; 1084 672 832 867 1133 325 1165 70 964 114 760 949 489 672 496 471 0 571 570 889; 615 167 283 470 570 265 641 508 792 543 454 642 134 313 495 417 571 0 420 539; 571 344 661 337 752 474 699 546 423 472 204 379 491 195 131 102 570 420 0 332; 267 379 656 86 553 716 427 855 324 798 130 110 660 242 451 434 889 539 332 0]
th = [1, 7, 8, 9, 2, 7, 8, 9, 2, 2, 3, 6, 0, 9, 10, 7, 5, 7, 8, 5]
T = 8
d = [0, 9, 4, 8, 3, 6, 8, 2, 9, 2, 8, 2, 6, 3, 3, 6, 4, 5, 3, 8]
C = 19
