n = 25
t = [0 703 513 925 1030 438 955 537 319 304 215 459 804 226 459 576 751 552 508 839 1001 523 473 683 943; 703 0 295 793 327 438 814 169 429 501 780 329 155 483 337 459 69 331 368 759 298 529 721 383 324; 513 295 0 582 579 468 608 171 194 446 525 367 447 346 57 189 306 65 77 524 552 241 427 561 437; 925 793 582 0 913 1044 30 741 680 996 793 948 939 865 593 403 757 517 520 91 898 413 490 1134 655; 1030 327 579 913 0 733 925 493 744 817 1095 635 276 810 631 691 282 589 637 910 29 778 989 589 261; 438 438 468 1044 733 0 1071 345 393 135 618 114 463 253 451 642 506 533 525 978 706 653 744 249 757; 955 814 608 30 925 1071 0 766 709 1025 822 975 959 894 621 431 776 543 547 119 911 442 518 1159 666; 537 169 171 741 493 345 766 0 262 368 612 232 301 323 193 359 214 229 247 690 464 409 579 394 433; 319 429 194 680 744 393 709 262 0 319 351 328 561 185 139 287 463 234 194 605 716 271 359 567 629; 304 501 446 996 817 135 1025 368 319 0 490 186 559 144 414 596 564 508 486 923 789 590 647 383 801; 215 780 525 793 1095 618 822 612 351 490 0 609 907 371 469 513 813 540 489 703 1067 435 307 849 959; 459 329 367 948 635 114 975 232 328 186 609 0 373 241 358 549 396 433 430 887 607 571 688 244 644; 804 155 447 939 276 463 959 301 561 559 907 373 0 578 485 614 183 486 522 909 251 684 872 319 393; 226 483 346 865 810 253 894 323 185 144 371 241 578 0 303 471 536 401 370 788 781 454 503 479 748; 459 337 57 593 631 451 621 193 139 414 469 358 485 303 0 191 355 98 74 529 604 220 387 569 494; 576 459 189 403 691 642 431 359 287 596 513 549 614 471 191 0 449 131 118 338 667 93 307 750 488; 751 69 306 757 282 506 776 214 463 564 813 396 183 536 355 449 0 329 372 729 254 527 729 448 255; 552 331 65 517 589 533 543 229 234 508 540 433 486 401 98 131 329 0 51 462 563 199 402 622 420; 508 368 77 520 637 525 547 247 194 486 489 430 522 370 74 118 372 51 0 457 611 164 357 634 471; 839 759 524 91 910 978 119 690 605 923 703 887 909 788 529 338 729 462 457 0 893 335 399 1084 658; 1001 298 552 898 29 706 911 464 716 789 1067 607 251 781 604 667 254 563 611 893 0 754 964 566 251; 523 529 241 413 778 653 442 409 271 590 435 571 684 454 220 93 527 199 164 335 754 0 215 789 581; 473 721 427 490 989 744 518 579 359 647 307 688 872 503 387 307 729 402 357 399 964 215 0 925 795; 683 383 561 1134 589 249 1159 394 567 383 849 244 319 479 569 750 448 622 634 1084 566 789 925 0 695; 943 324 437 655 261 757 666 433 629 801 959 644 393 748 494 488 255 420 471 658 251 581 795 695 0]
th = [3, 8, 5, 0, 10, 1, 3, 9, 2, 3, 8, 6, 3, 3, 9, 6, 0, 2, 2, 10, 6, 1, 8, 3, 2]
T = 8
d = [0, 2, 5, 3, 5, 6, 10, 2, 5, 1, 4, 7, 3, 5, 6, 9, 3, 5, 4, 3, 3, 3, 6, 8, 3]
C = 24
