n = 30
t = [0 212 389 665 701 512 394 695 635 932 717 758 167 692 671 193 447 257 465 639 511 850 886 750 858 904 747 146 506 456; 212 0 305 459 646 482 472 661 472 798 519 577 329 572 624 50 372 45 486 430 300 644 751 569 771 730 614 98 305 359; 389 305 0 598 341 190 310 359 292 547 681 435 365 305 320 265 674 309 243 451 416 752 502 429 476 558 364 379 308 67; 665 459 598 0 860 777 879 907 496 801 87 478 786 675 857 496 465 415 840 214 184 186 758 471 896 607 668 523 301 602; 701 646 341 860 0 193 420 70 387 371 947 495 619 222 37 606 1013 649 288 665 696 975 348 495 184 530 278 717 562 293; 512 482 190 777 193 0 247 184 380 510 861 518 426 289 160 437 854 493 120 609 598 919 475 515 368 603 360 541 478 175; 394 472 310 879 420 247 0 381 587 758 955 732 249 532 383 423 820 504 132 756 696 1046 722 727 604 836 602 487 608 349; 695 661 359 907 70 184 381 0 447 438 994 561 597 289 52 617 1032 668 254 718 738 1029 417 561 239 600 348 724 607 321; 635 472 292 496 387 380 587 447 0 341 582 144 649 180 394 458 771 448 488 287 363 591 293 140 400 271 176 569 229 240; 932 798 547 801 371 510 758 438 341 0 881 324 903 242 404 776 1112 780 629 588 695 846 48 330 223 243 186 891 568 479; 717 519 681 87 947 861 955 994 582 881 0 558 848 761 944 560 461 476 922 297 264 160 840 551 982 680 753 572 388 687; 758 577 435 478 495 518 732 561 144 324 558 0 786 273 510 572 831 546 630 268 394 527 285 8 459 155 230 675 289 384; 167 329 365 786 619 426 249 597 649 903 848 786 0 661 584 290 614 373 348 722 617 968 860 780 792 919 725 298 576 429; 692 572 305 675 222 289 532 289 180 242 761 273 661 0 240 545 910 559 409 468 531 769 199 273 224 321 71 661 394 237; 671 624 320 857 37 160 383 52 394 404 944 510 584 240 0 582 993 629 251 666 689 977 379 509 222 554 300 692 557 277; 193 50 265 496 606 437 423 617 458 776 560 572 290 545 582 0 419 85 437 447 329 678 728 564 737 722 591 116 313 323; 447 372 674 465 1013 854 820 1032 771 1112 461 831 614 910 993 419 0 365 854 591 441 621 1064 822 1123 983 937 333 548 721; 257 45 309 415 649 493 504 668 448 780 476 546 373 559 629 85 365 0 508 387 255 599 731 537 765 699 597 134 267 357; 465 486 243 840 288 120 132 254 488 629 922 630 348 409 251 437 854 508 0 692 657 995 594 626 472 721 480 526 551 260; 639 430 451 214 665 609 756 718 287 588 297 268 722 468 666 447 591 387 692 0 154 312 545 260 686 407 456 519 149 436; 511 300 416 184 696 598 696 738 363 695 264 394 617 531 689 329 441 255 657 154 0 355 649 386 755 544 539 380 138 425; 850 644 752 186 975 919 1046 1029 591 846 160 527 968 769 977 678 621 599 995 312 355 0 810 523 980 621 747 709 444 744; 886 751 502 758 348 475 722 417 293 48 840 285 860 199 379 728 1064 731 594 545 649 810 0 290 220 223 139 844 521 434; 750 569 429 471 495 515 727 561 140 330 551 8 780 273 509 564 822 537 626 260 386 523 290 0 462 163 232 667 280 379; 858 771 476 896 184 368 604 239 400 223 982 459 792 224 222 737 1123 765 472 686 755 980 220 462 0 438 233 853 618 415; 904 730 558 607 530 603 836 600 271 243 680 155 919 321 554 722 983 699 721 407 544 621 223 163 438 0 254 827 444 499; 747 614 364 668 278 360 602 348 176 186 753 230 725 71 300 591 937 597 480 456 539 747 139 232 233 254 0 706 404 297; 146 98 379 523 717 541 487 724 569 891 572 675 298 661 692 116 333 134 526 519 380 709 844 667 853 827 706 0 400 438; 506 305 308 301 562 478 608 607 229 568 388 289 576 394 557 313 548 267 551 149 138 444 521 280 618 444 404 400 0 303; 456 359 67 602 293 175 349 321 240 479 687 384 429 237 277 323 721 357 260 436 425 744 434 379 415 499 297 438 303 0]
th = [7, 7, 4, 2, 6, 7, 5, 10, 6, 10, 6, 3, 6, 9, 3, 5, 7, 2, 9, 5, 0, 4, 8, 1, 9, 0, 5, 5, 7, 1]
T = 9
d = [0, 2, 10, 2, 5, 2, 9, 1, 9, 5, 6, 2, 8, 7, 8, 8, 1, 1, 7, 8, 7, 2, 8, 1, 5, 9, 9, 3, 2, 4]
C = 20
