n = 35
t = [0 788 478 204 290 327 726 357 746 753 345 1096 578 320 1146 691 99 890 874 612 898 682 1089 844 831 823 493 619 790 199 671 686 856 635 649; 788 0 725 585 799 560 408 727 109 377 550 685 354 860 620 257 747 374 360 787 199 115 476 920 94 861 643 208 668 593 479 440 378 594 313; 478 725 0 412 218 244 422 123 753 465 238 700 375 244 794 793 380 606 596 136 723 672 797 368 712 344 86 518 348 396 329 368 566 224 434; 204 585 412 0 312 185 548 316 549 570 199 931 391 368 965 512 172 700 684 545 695 482 896 773 627 738 390 416 660 18 508 515 668 503 457; 290 799 218 312 0 240 587 106 797 626 249 907 488 62 989 796 200 771 758 340 846 720 971 566 811 552 269 596 564 295 506 537 732 426 558; 327 560 244 185 240 0 401 183 560 432 17 769 268 301 821 572 243 574 559 369 618 481 775 592 575 555 208 358 478 173 343 360 537 321 340; 726 408 422 548 587 401 0 486 485 45 384 389 165 636 420 594 644 185 174 428 325 420 383 518 353 458 338 265 260 544 95 54 146 220 125; 357 727 123 316 106 183 486 0 737 526 186 801 398 150 883 754 259 671 658 255 757 657 869 487 730 466 163 520 461 299 402 434 631 320 466; 746 109 753 549 797 560 485 737 0 460 553 788 398 859 728 149 719 476 461 830 307 81 585 983 203 925 675 244 741 560 545 510 476 650 375; 753 377 465 570 626 432 45 526 460 0 415 379 180 676 395 576 674 145 133 473 282 399 346 557 316 496 381 253 295 567 140 98 106 265 124; 345 550 238 199 249 17 384 186 553 415 0 752 252 310 804 569 260 557 542 361 604 474 758 581 563 543 197 346 462 188 326 342 521 305 325; 1096 685 700 931 907 769 389 801 788 379 752 0 553 942 156 925 1007 312 328 631 506 746 294 559 597 509 638 625 360 925 426 416 317 481 504; 578 354 375 391 488 268 165 398 398 180 252 553 0 544 575 477 505 312 295 434 359 321 511 589 337 533 291 154 368 388 168 150 278 253 73; 320 860 244 368 62 301 636 150 859 676 310 942 544 0 1030 858 239 821 809 350 903 781 1019 565 870 559 308 656 592 351 551 584 781 462 613; 1146 620 794 965 989 821 420 883 728 395 804 156 575 1030 0 872 1063 277 295 745 425 699 164 703 526 649 723 608 477 962 485 462 301 570 512; 691 257 793 512 796 572 594 754 149 576 569 925 477 858 872 0 683 613 597 888 456 180 733 1064 350 1010 724 332 839 526 638 609 608 729 474; 99 747 380 172 200 243 644 259 719 674 260 1007 505 239 1063 683 0 814 799 514 840 649 1015 746 781 724 395 565 694 159 583 602 779 540 577; 890 374 606 700 771 574 185 671 476 145 557 312 312 821 277 613 814 0 18 600 211 435 201 647 289 586 523 331 380 699 276 238 40 394 243; 874 360 596 684 758 559 174 658 461 133 542 328 295 809 295 597 799 18 0 594 202 418 216 647 276 586 513 313 380 682 267 228 33 387 226; 612 787 136 545 340 369 428 255 830 473 361 631 434 350 745 888 514 600 594 0 750 750 776 233 758 212 169 587 271 530 334 377 561 208 477; 898 199 723 695 846 618 325 757 307 282 604 506 359 903 425 456 840 211 202 750 0 296 278 836 105 775 637 279 570 699 417 374 231 542 292; 682 115 672 482 720 481 420 657 81 399 474 746 321 781 699 180 649 435 418 750 296 0 568 908 194 851 595 167 671 492 473 440 429 574 304; 1089 476 797 896 971 775 383 869 585 346 758 294 511 1019 164 733 1015 201 216 776 278 568 0 781 383 723 718 505 527 896 469 435 239 579 440; 844 920 368 773 566 592 518 487 983 557 581 559 589 565 703 1064 746 647 647 233 836 908 781 0 871 61 385 741 267 758 441 480 615 335 609; 831 94 712 627 811 575 353 730 203 316 563 597 337 870 526 350 781 289 276 758 105 194 383 871 0 810 627 218 611 633 435 393 298 556 281; 823 861 344 738 552 555 458 466 925 496 543 509 533 559 649 1010 724 586 586 212 775 851 723 61 810 0 348 684 206 724 382 420 553 281 551; 493 643 86 390 269 208 338 163 675 381 197 638 291 308 723 724 395 523 513 169 637 595 718 385 627 348 0 437 301 377 248 285 484 157 348; 619 208 518 416 596 358 265 520 244 253 346 625 154 656 608 332 565 331 313 587 279 167 505 741 218 684 437 0 508 420 307 277 312 407 142; 790 668 348 660 564 478 260 461 741 295 462 360 368 592 477 839 694 380 380 271 570 671 527 267 611 206 301 508 0 649 201 232 347 157 367; 199 593 396 18 295 173 544 299 560 567 188 925 388 351 962 526 159 699 682 530 699 492 896 758 633 724 377 420 649 0 501 510 667 492 456; 671 479 329 508 506 343 95 402 545 140 326 426 168 551 485 638 583 276 267 334 417 473 469 441 435 382 248 307 201 501 0 43 237 126 169; 686 440 368 515 537 360 54 434 510 98 342 416 150 584 462 609 602 238 228 377 374 440 435 480 393 420 285 277 232 510 43 0 199 169 136; 856 378 566 668 732 537 146 631 476 106 521 317 278 781 301 608 779 40 33 561 231 429 239 615 298 553 484 312 347 667 237 199 0 355 212; 635 594 224 503 426 321 220 320 650 265 305 481 253 462 570 729 540 394 387 208 542 574 579 335 556 281 157 407 157 492 126 169 355 0 281; 649 313 434 457 558 340 125 466 375 124 325 504 73 613 512 474 577 243 226 477 292 304 440 609 281 551 348 142 367 456 169 136 212 281 0]
th = [0, 6, 2, 1, 6, 10, 6, 10, 7, 9, 3, 9, 4, 2, 1, 10, 2, 9, 3, 2, 2, 1, 9, 9, 7, 7, 5, 4, 9, 3, 3, 9, 7, 10, 9]
T = 3
d = [0, 2, 5, 9, 1, 9, 2, 3, 5, 10, 3, 6, 9, 5, 8, 9, 4, 3, 3, 1, 10, 8, 5, 6, 8, 3, 4, 6, 1, 5, 3, 10, 1, 6, 6]
C = 22
