n = 40
t = [0 662 973 650 1047 544 309 775 360 543 597 729 573 472 335 689 181 127 594 476 570 258 702 634 936 860 948 789 798 707 827 404 1001 1114 89 613 1079 591 958 1147; 662 0 511 313 441 175 604 208 399 131 305 297 184 191 327 570 619 551 154 196 671 493 241 412 303 327 549 481 280 480 708 342 343 632 573 426 599 481 867 554; 973 511 0 324 264 672 747 304 853 609 376 256 440 594 690 407 840 846 663 648 613 721 301 355 634 768 89 221 231 314 432 807 435 142 900 382 106 433 537 276; 650 313 324 0 438 421 448 209 554 353 52 90 154 303 375 261 526 523 431 368 403 401 103 106 573 637 313 186 181 167 395 517 484 466 576 128 430 193 554 520; 1047 441 264 438 0 616 885 273 837 569 482 347 474 596 723 623 951 923 588 628 815 821 354 518 432 596 352 439 259 516 682 782 202 288 964 547 273 610 799 113; 544 175 672 421 616 0 567 376 233 68 392 435 267 147 237 650 546 452 50 88 701 437 380 499 393 328 699 605 442 580 801 174 502 799 457 504 766 544 963 729; 309 604 747 448 885 567 0 631 500 529 403 538 446 434 338 401 128 225 611 480 261 136 533 392 907 890 703 537 626 445 526 511 897 883 290 365 849 322 651 968; 775 208 304 209 273 376 631 0 579 318 238 139 202 328 451 457 685 651 361 368 612 554 106 312 382 483 349 317 77 351 569 527 275 424 691 337 391 402 718 377; 360 399 853 554 837 233 500 579 0 268 510 599 414 259 201 724 428 310 277 211 707 367 551 599 615 512 862 737 632 686 881 59 735 989 283 593 954 610 1038 948; 543 131 609 353 569 68 529 318 268 0 325 368 199 96 216 585 522 440 89 68 645 405 314 432 396 361 633 536 380 513 735 213 473 739 454 438 705 481 896 681; 597 305 376 52 482 392 403 238 510 325 0 137 129 265 326 266 476 470 408 332 382 350 134 109 582 632 363 226 223 188 411 475 513 518 523 121 483 178 572 568; 729 297 256 90 347 435 538 139 599 368 137 0 186 341 435 319 613 602 435 399 483 486 56 181 519 605 266 187 93 212 432 556 404 396 652 208 360 273 585 430; 573 184 440 154 474 267 446 202 414 199 129 186 0 155 257 394 488 449 280 217 488 356 140 237 477 509 450 339 231 315 540 371 452 578 490 247 543 298 701 575; 472 191 594 303 596 147 434 328 259 96 265 341 155 0 137 511 433 360 182 69 555 312 292 366 482 457 605 488 375 451 665 216 529 730 384 367 695 402 826 704; 335 327 690 375 723 237 338 451 201 216 326 435 257 137 0 524 309 225 284 153 514 204 396 405 612 564 687 549 488 491 680 188 666 831 247 396 795 410 837 828; 689 570 407 261 623 650 401 457 724 585 266 319 394 511 524 0 521 575 670 580 208 438 358 158 832 896 338 188 404 110 157 702 720 523 641 146 495 114 316 673; 181 619 840 526 951 546 128 685 428 522 476 613 488 433 309 521 0 122 594 462 389 131 597 488 915 873 805 641 693 553 652 453 938 979 176 464 945 431 779 1042; 127 551 846 523 923 452 225 651 310 440 470 602 449 360 225 575 122 0 501 375 479 138 576 509 836 777 823 665 672 585 719 339 885 987 67 489 952 472 858 1022; 594 154 663 431 588 50 611 361 277 89 408 435 280 182 284 670 594 501 0 132 734 483 379 516 344 281 696 611 431 595 819 218 463 785 507 524 753 568 980 702; 476 196 648 368 628 88 480 368 211 68 332 399 217 69 153 580 462 375 132 0 618 351 347 435 462 413 664 554 423 519 734 160 539 782 387 436 747 471 895 738; 570 671 613 403 815 701 261 612 707 645 382 483 488 555 514 208 389 479 734 618 0 356 506 303 961 992 546 393 576 303 283 702 886 732 545 276 703 211 391 873; 258 493 721 401 821 437 136 554 367 405 350 486 356 312 204 438 131 138 483 351 356 0 468 376 792 763 692 532 564 449 583 376 807 862 203 355 827 334 725 914; 702 241 301 103 354 380 533 106 551 314 134 56 140 292 396 358 597 576 379 347 506 468 0 208 474 553 319 241 97 255 480 506 381 438 622 232 403 296 635 447; 634 412 355 106 518 499 392 312 599 432 109 181 237 366 405 158 488 509 516 435 303 376 208 0 678 738 317 156 273 86 302 570 584 492 570 29 458 93 464 588; 936 303 634 573 432 393 907 382 615 396 582 519 477 482 612 832 915 836 344 462 961 792 474 678 0 179 703 699 452 729 951 557 234 708 847 698 685 760 1100 530; 860 327 768 637 596 328 890 483 512 361 632 605 509 457 564 896 873 777 281 413 992 763 553 738 179 0 827 792 559 803 1031 459 406 859 775 753 833 807 1188 700; 948 549 89 313 352 699 703 349 862 633 363 266 450 605 687 338 805 823 696 664 546 692 319 317 703 827 0 165 272 259 346 820 516 186 880 341 157 382 448 362; 789 481 221 186 439 605 537 317 737 536 226 187 339 488 549 188 641 665 611 554 393 532 241 156 699 792 165 0 249 94 256 701 555 348 725 178 316 217 401 484; 798 280 231 181 259 442 626 77 632 380 223 93 231 375 488 404 693 672 431 423 576 564 97 273 452 559 272 249 0 295 504 583 315 359 718 300 325 365 649 350; 707 480 314 167 516 580 445 351 686 513 188 212 315 451 491 110 553 585 595 519 303 449 255 86 729 803 259 94 295 0 228 656 610 442 647 97 410 124 388 570; 827 708 432 395 682 801 526 569 881 735 411 432 540 665 680 157 652 719 819 734 283 583 480 302 951 1031 346 256 504 228 0 859 811 515 785 297 494 270 162 708; 404 342 807 517 782 174 511 527 59 213 475 556 371 216 188 702 453 339 218 160 702 376 506 570 557 459 820 701 583 656 859 0 676 941 323 566 907 589 1018 894; 1001 343 435 484 202 502 897 275 735 473 513 404 452 529 666 720 938 885 463 539 886 807 381 584 234 406 516 555 315 610 811 676 0 487 913 610 468 675 946 296; 1114 632 142 466 288 799 883 424 989 739 518 396 578 730 831 523 979 987 785 782 732 862 438 492 708 859 186 348 359 442 515 941 487 0 1041 518 36 564 587 240; 89 573 900 576 964 457 290 691 283 454 523 652 490 384 247 641 176 67 507 387 545 203 622 570 847 775 880 725 718 647 785 323 913 1041 0 551 1006 536 925 1065; 613 426 382 128 547 504 365 337 593 438 121 208 247 367 396 146 464 489 524 436 276 355 232 29 698 753 341 178 300 97 297 566 610 518 551 0 485 65 459 617; 1079 599 106 430 273 766 849 391 954 705 483 360 543 695 795 495 945 952 753 747 703 827 403 458 685 833 157 316 325 410 494 907 468 36 1006 485 0 532 574 239; 591 481 433 193 610 544 322 402 610 481 178 273 298 402 410 114 431 472 568 471 211 334 296 93 760 807 382 217 365 124 270 589 675 564 536 65 532 0 429 676; 958 867 537 554 799 963 651 718 1038 896 572 585 701 826 837 316 779 858 980 895 391 725 635 464 1100 1188 448 401 649 388 162 1018 946 587 925 459 574 429 0 806; 1147 554 276 520 113 729 968 377 948 681 568 430 575 704 828 673 1042 1022 702 738 873 914 447 588 530 700 362 484 350 570 708 894 296 240 1065 617 239 676 806 0]
th = [8, 9, 0, 4, 9, 7, 2, 3, 10, 7, 5, 4, 4, 9, 3, 1, 4, 5, 1, 3, 0, 7, 9, 3, 3, 4, 4, 1, 2, 5, 2, 3, 10, 4, 9, 3, 3, 5, 3, 5]
T = 6
d = [0, 0, 1, 0, 1, 8, 3, 6, 1, 0, 10, 0, 1, 1, 3, 7, 0, 8, 2, 7, 5, 3, 5, 9, 5, 5, 7, 7, 3, 7, 3, 5, 10, 4, 9, 2, 8, 3, 10, 9]
C = 46
