n = 45
t = [0 573 288 184 926 820 284 745 651 568 633 163 308 620 723 587 533 586 456 684 657 674 594 893 315 546 479 504 787 607 745 681 149 315 615 324 815 950 616 131 796 322 595 789 823; 573 0 381 566 358 528 350 497 129 380 139 668 321 367 332 517 190 378 360 464 267 543 93 552 387 300 113 537 270 381 288 672 447 370 267 416 781 434 103 704 599 271 337 730 268; 288 381 0 402 734 800 305 741 413 280 490 441 302 596 645 650 440 578 473 687 570 719 363 853 371 509 268 604 531 595 634 785 142 26 542 401 919 810 383 406 821 124 307 880 586; 184 566 402 0 891 686 218 608 671 673 585 122 249 502 627 428 467 462 336 547 571 518 614 766 207 443 500 335 817 483 667 505 268 426 525 198 637 879 636 238 643 377 686 614 833; 926 358 734 891 0 531 674 553 340 650 306 1003 644 501 366 687 429 538 603 561 370 663 378 495 690 495 467 753 316 527 285 819 805 721 412 710 885 191 361 1055 649 629 591 832 223; 820 528 800 686 531 0 545 79 635 901 394 806 529 207 202 282 370 235 364 139 261 204 618 87 505 293 602 384 728 215 274 344 776 805 269 498 367 377 622 918 126 679 863 318 665; 284 350 305 218 674 545 0 474 462 527 370 329 30 341 440 350 257 310 185 415 375 426 406 614 67 263 297 299 608 330 466 480 236 321 332 99 615 675 427 400 539 219 524 577 618; 745 497 741 608 553 79 474 0 613 861 371 727 461 146 196 204 324 166 291 61 236 133 589 164 431 233 560 306 718 147 277 283 708 748 230 422 332 419 596 841 104 622 827 279 664; 651 129 413 671 340 635 462 613 0 317 242 763 433 490 434 646 318 504 489 585 378 668 57 647 506 427 174 666 147 506 374 800 511 396 387 536 907 468 35 781 716 330 262 856 174; 568 380 280 673 650 901 527 861 317 0 519 722 512 720 710 830 537 717 649 819 642 879 302 931 592 638 301 812 362 728 667 980 422 254 633 626 1105 785 308 681 957 309 61 1059 445; 633 139 490 585 306 394 370 371 242 519 0 699 340 256 194 429 125 279 307 347 136 437 225 413 383 213 237 473 353 276 151 579 528 485 150 404 676 324 228 760 475 370 476 623 314; 163 668 441 122 1003 806 329 727 763 722 699 0 359 623 749 542 584 583 458 667 691 632 706 886 327 565 590 445 906 605 787 603 300 468 646 320 730 998 728 141 757 449 743 713 931; 308 321 302 249 644 529 30 461 433 512 340 359 0 323 416 348 229 295 175 402 350 420 378 595 81 242 270 306 580 315 439 484 248 316 307 115 618 647 399 427 529 207 506 578 588; 620 367 596 502 501 207 341 146 490 720 256 623 323 0 147 186 183 43 167 99 135 180 459 273 307 88 418 259 609 26 218 326 570 602 106 306 419 415 469 725 237 476 688 367 567; 723 332 645 627 366 202 440 196 434 710 194 749 416 147 0 327 205 189 294 195 74 298 420 220 423 184 418 406 527 173 82 454 649 645 109 429 524 268 422 838 298 520 669 471 469; 587 517 650 428 687 282 350 204 646 830 429 542 348 186 327 0 328 152 182 154 320 90 607 368 290 220 540 103 776 161 403 155 583 663 284 269 276 590 620 666 215 545 809 232 743; 533 190 440 467 429 370 257 324 318 537 125 584 229 183 205 328 0 188 184 283 132 354 281 415 262 109 236 356 451 194 212 482 446 441 103 281 591 418 293 655 420 316 505 541 427; 586 378 578 462 538 235 310 166 504 717 279 583 295 43 189 152 188 0 130 109 169 166 469 308 271 80 418 218 629 22 258 301 543 586 132 267 403 457 480 687 245 461 690 353 592; 456 360 473 336 603 364 185 291 489 649 307 458 175 167 294 182 184 130 0 230 247 246 444 437 142 113 364 177 628 151 345 331 421 484 200 139 457 556 460 558 354 365 631 413 610; 684 464 687 547 561 139 415 61 585 819 347 667 402 99 195 154 283 109 230 0 216 103 557 222 370 183 518 252 699 93 277 260 649 694 198 361 333 444 566 780 139 569 788 279 651; 657 267 570 571 370 261 375 236 378 642 136 691 350 135 74 320 132 169 247 216 0 311 358 291 364 134 346 383 484 159 98 461 577 571 47 375 547 310 362 775 339 446 603 494 436; 674 543 719 518 663 204 426 133 668 879 437 632 420 180 298 90 354 166 246 103 311 0 635 291 370 245 582 191 789 162 379 157 661 730 286 352 239 545 646 755 126 608 853 188 746; 594 93 363 614 378 618 406 589 57 302 225 706 378 459 420 607 281 469 444 557 358 635 0 638 452 391 116 621 203 474 369 761 456 347 360 483 873 488 22 725 691 274 253 822 230; 893 552 853 766 495 87 614 164 647 931 413 886 595 273 220 368 415 308 437 222 291 291 638 0 579 354 637 470 725 286 274 426 840 856 312 574 436 324 639 995 200 730 889 389 654; 315 387 371 207 690 505 67 431 506 592 383 327 81 307 423 290 262 271 142 370 364 370 452 579 0 239 348 233 652 292 460 415 293 388 318 34 550 672 472 419 487 285 587 514 654; 546 300 509 443 495 293 263 233 427 638 213 565 242 88 184 220 109 80 113 183 134 245 391 354 239 0 338 261 556 90 231 373 486 514 87 246 482 442 403 657 321 388 609 432 526; 479 113 268 500 467 602 297 560 174 301 237 590 270 418 418 540 236 418 364 518 346 582 116 637 348 338 0 538 317 427 387 693 344 258 333 381 813 546 138 610 656 164 272 765 344; 504 537 604 335 753 384 299 306 666 812 473 445 306 259 406 103 356 218 177 252 383 191 621 470 233 261 538 0 805 233 475 183 519 620 341 205 319 673 637 573 316 512 799 287 783; 787 270 531 817 316 728 608 718 147 362 353 906 580 609 527 776 451 629 628 699 484 789 203 725 652 556 317 805 0 628 455 929 643 511 503 682 1028 487 182 917 822 465 301 976 93; 607 381 595 483 527 215 330 147 506 728 276 605 315 26 173 161 194 22 151 93 159 162 474 286 292 90 427 233 628 0 244 304 562 602 127 289 401 440 484 709 231 476 698 350 589; 745 288 634 667 285 274 466 277 374 667 151 787 439 218 82 403 212 258 345 277 98 379 369 274 460 231 387 475 455 244 0 534 656 630 145 472 606 212 368 866 378 511 621 553 391; 681 672 785 505 819 344 480 283 800 980 579 603 484 326 454 155 482 301 331 260 461 157 761 426 415 373 693 183 929 304 534 0 703 800 431 388 136 701 774 738 230 688 961 110 892; 149 447 142 268 805 776 236 708 511 422 528 300 248 570 649 583 446 543 421 649 577 661 456 840 293 486 344 519 643 562 656 703 0 168 540 317 839 851 477 275 775 181 447 805 685; 315 370 26 426 721 805 321 748 396 254 485 468 316 602 645 663 441 586 484 694 571 730 347 856 388 514 258 620 511 602 630 800 168 0 544 419 934 802 366 432 830 126 281 893 567; 615 267 542 525 412 269 332 230 387 633 150 646 307 106 109 284 103 132 200 198 47 286 360 312 318 87 333 341 503 127 145 431 540 544 0 328 525 356 368 731 331 419 598 473 462; 324 416 401 198 710 498 99 422 536 626 404 320 115 306 429 269 281 267 139 361 375 352 483 574 34 246 381 205 682 289 472 388 317 419 328 0 523 684 503 421 472 318 621 488 682; 815 781 919 637 885 367 615 332 907 1105 676 730 618 419 524 276 591 403 457 333 547 239 873 436 550 482 813 319 1028 401 606 136 839 934 525 523 0 744 884 867 242 819 1084 53 983; 950 434 810 879 191 377 675 419 468 785 324 998 647 415 268 590 418 457 556 444 310 545 488 324 672 442 546 673 487 440 212 701 851 802 356 684 744 0 478 1074 502 692 730 693 399; 616 103 383 636 361 622 427 596 35 308 228 728 399 469 422 620 293 480 460 566 362 646 22 639 472 403 138 637 182 484 368 774 477 366 368 503 884 478 0 747 698 296 257 833 208; 131 704 406 238 1055 918 400 841 781 681 760 141 427 725 838 666 655 687 558 780 775 755 725 995 419 657 610 573 917 709 866 738 275 432 731 421 867 1074 747 0 880 452 713 848 954; 796 599 821 643 649 126 539 104 716 957 475 757 529 237 298 215 420 245 354 139 339 126 691 200 487 321 656 316 822 231 378 230 775 830 331 472 242 502 698 880 0 705 925 192 767; 322 271 124 377 629 679 219 622 330 309 370 449 207 476 520 545 316 461 365 569 446 608 274 730 285 388 164 512 465 476 511 688 181 126 419 318 819 692 296 452 705 0 312 777 504; 595 337 307 686 591 863 524 827 262 61 476 743 506 688 669 809 505 690 631 788 603 853 253 889 587 609 272 799 301 698 621 961 447 281 598 621 1084 730 257 713 925 312 0 1036 384; 789 730 880 614 832 318 577 279 856 1059 623 713 578 367 471 232 541 353 413 279 494 188 822 389 514 432 765 287 976 350 553 110 805 893 473 488 53 693 833 848 192 777 1036 0 930; 823 268 586 833 223 665 618 664 174 445 314 931 588 567 469 743 427 592 610 651 436 746 230 654 654 526 344 783 93 589 391 892 685 567 462 682 983 399 208 954 767 504 384 930 0]
th = [3, 10, 4, 9, 4, 5, 6, 4, 10, 1, 4, 9, 3, 3, 4, 1, 2, 2, 7, 2, 2, 5, 9, 4, 6, 4, 4, 6, 5, 6, 10, 1, 9, 5, 3, 8, 7, 3, 6, 6, 10, 9, 2, 9, 10]
T = 5
d = [0, 3, 7, 4, 1, 2, 3, 10, 6, 7, 3, 2, 2, 2, 5, 6, 10, 10, 7, 3, 5, 6, 3, 3, 6, 9, 8, 7, 4, 7, 0, 4, 1, 4, 9, 6, 2, 9, 2, 1, 7, 3, 8, 10, 4]
C = 27
