n = 50
t = [0 863 738 390 590 582 231 247 624 689 320 595 364 642 638 493 424 642 676 434 432 288 832 392 605 606 181 644 475 58 565 247 500 226 379 228 157 330 594 387 608 197 168 408 356 432 593 631 327 650; 863 0 763 675 853 324 751 941 557 853 579 841 1041 788 344 544 595 704 309 581 557 973 91 606 308 687 684 548 949 850 530 627 655 777 842 1091 840 644 671 540 575 673 988 1020 797 490 408 290 538 872; 738 763 0 921 1181 508 846 970 222 126 506 1178 593 112 855 901 882 1129 860 878 379 582 813 862 507 140 676 224 394 683 951 694 250 513 394 894 851 838 1074 782 214 691 903 529 980 774 389 508 598 1232; 390 675 921 0 260 526 161 307 730 922 417 257 741 857 351 145 80 254 393 95 543 660 609 74 547 782 282 743 798 425 202 236 676 512 676 559 261 85 204 159 726 260 412 770 123 197 611 569 324 312; 590 853 1181 260 0 767 371 402 988 1180 676 15 954 1116 508 324 309 174 545 317 802 877 773 323 786 1041 529 1000 1038 637 323 492 935 753 921 693 435 343 187 409 985 508 542 994 234 433 862 805 583 60; 582 324 508 526 767 0 535 717 286 571 270 760 718 501 352 449 460 671 353 451 233 652 337 454 24 400 416 286 628 557 480 378 344 460 518 807 600 461 620 367 296 413 728 697 628 335 120 50 264 807; 231 751 846 161 371 535 0 190 681 828 347 374 589 769 464 283 210 410 506 222 481 510 700 181 559 706 171 697 668 271 351 165 597 384 552 402 104 121 363 215 672 155 262 625 141 266 592 584 283 430; 247 941 970 307 402 717 190 0 830 930 499 412 591 879 646 449 378 508 688 392 629 523 888 354 741 833 315 848 721 304 509 339 724 466 625 291 123 303 475 403 817 311 142 644 203 454 763 767 456 460; 624 557 222 730 988 286 681 830 0 296 334 984 598 231 634 693 683 921 638 677 201 558 598 666 285 131 518 21 442 577 738 519 151 420 375 818 707 651 868 581 23 528 791 552 805 568 167 288 409 1036; 689 853 126 922 1180 571 828 930 296 0 507 1179 492 71 904 921 893 1146 914 891 396 494 894 870 574 172 658 305 288 632 978 688 253 464 319 820 817 837 1091 795 280 676 848 425 967 796 457 581 607 1234; 320 579 506 417 676 270 347 499 334 507 0 674 472 441 456 421 387 641 480 386 134 398 569 363 292 366 185 351 436 289 483 189 259 200 311 541 376 333 586 291 324 194 479 466 476 300 273 318 103 729; 595 841 1178 257 15 760 374 412 984 1179 674 0 959 1115 497 315 303 159 533 311 800 882 761 318 779 1039 530 996 1041 642 311 491 933 756 923 703 441 342 173 404 981 509 551 998 239 426 856 798 580 56; 364 1041 593 741 954 718 589 591 598 492 472 959 0 481 913 818 757 995 943 764 490 82 1038 726 736 508 473 619 205 318 889 539 448 273 224 375 521 668 944 692 575 496 464 72 720 724 665 758 549 1014; 642 788 112 857 1116 501 769 879 231 71 441 1115 481 0 833 853 827 1078 843 824 327 471 826 804 505 102 598 242 284 586 909 625 184 416 285 788 764 773 1023 728 212 615 804 417 906 728 388 512 540 1169; 638 344 855 351 508 352 464 646 634 904 456 497 913 833 0 209 272 365 43 257 517 834 267 292 361 735 464 637 891 646 186 394 657 642 766 852 565 344 328 255 641 444 723 917 474 207 471 369 365 529; 493 544 901 145 324 449 283 449 693 921 421 315 818 853 209 0 73 228 251 61 527 736 473 103 466 766 345 702 842 516 72 279 669 563 716 685 387 165 175 132 693 322 544 837 266 126 552 484 318 359; 424 595 882 80 309 460 210 378 683 893 387 303 757 827 272 73 0 255 315 15 504 676 529 32 480 745 286 694 794 450 142 225 643 511 669 612 314 94 200 101 681 262 471 780 203 125 553 501 287 353; 642 704 1129 254 174 671 410 508 921 1146 641 159 995 1078 365 228 255 0 396 255 753 914 620 282 686 993 533 930 1046 679 192 478 894 761 922 789 501 331 55 351 922 509 637 1024 308 354 778 702 540 173; 676 309 860 393 545 353 506 688 638 914 480 533 943 843 43 251 315 396 0 300 533 865 228 334 358 744 500 639 913 682 224 431 670 671 789 891 607 386 362 296 646 481 764 944 516 247 473 364 394 564; 434 581 878 95 317 451 222 392 677 891 386 311 764 824 257 61 15 255 300 0 501 682 515 42 470 741 291 687 796 458 132 229 640 515 671 624 327 104 200 97 675 268 484 785 218 115 545 490 285 360; 432 557 379 543 802 233 481 629 201 396 134 800 490 327 517 527 504 753 533 501 0 430 568 484 249 241 317 218 396 390 582 321 143 252 285 639 506 460 699 404 191 327 597 464 609 401 179 269 219 853; 288 973 582 660 877 652 510 523 558 494 398 882 82 471 834 736 676 914 865 682 430 0 967 644 672 482 391 580 222 240 808 458 408 198 191 335 445 587 863 611 536 414 403 121 642 643 608 694 471 937; 832 91 813 609 773 337 700 888 598 894 569 761 1038 826 267 473 529 620 228 515 568 967 0 543 327 724 651 592 964 824 452 589 680 769 851 1057 793 587 589 485 614 637 946 1024 732 434 439 315 513 790; 392 606 862 74 323 454 181 354 666 870 363 318 726 804 292 103 32 282 334 42 484 644 543 0 474 724 255 677 764 418 173 196 621 481 640 582 285 63 228 87 663 231 443 749 191 123 541 496 265 370; 605 308 507 547 786 24 559 741 285 574 292 779 736 505 361 466 480 686 358 470 249 672 327 474 0 403 440 283 641 580 495 402 353 481 534 830 624 483 637 388 297 437 752 713 650 355 118 26 288 825; 606 687 140 782 1041 400 706 833 131 172 366 1039 508 102 735 766 745 993 744 741 241 482 724 724 403 0 536 145 330 553 819 554 110 384 290 775 713 698 939 645 111 551 772 453 840 640 286 410 459 1093; 181 684 676 282 529 416 171 315 518 658 185 530 473 598 464 345 286 533 500 291 317 391 651 255 440 536 0 535 515 182 417 70 427 229 394 407 192 202 479 222 507 23 312 494 309 261 449 466 153 586; 644 548 224 743 1000 286 697 848 21 305 351 996 619 242 637 702 694 930 639 687 218 580 592 677 283 145 535 0 461 597 746 534 172 440 396 839 725 664 877 592 44 545 810 572 820 577 166 285 423 1047; 475 949 394 798 1038 628 668 721 442 288 436 1041 205 284 891 842 794 1046 913 796 396 222 964 764 641 330 515 461 0 419 909 569 302 286 127 557 626 716 992 710 419 538 614 137 808 729 547 659 534 1097; 58 850 683 425 637 557 271 304 577 632 289 642 318 586 646 516 450 679 682 458 390 240 824 418 580 553 182 597 419 0 588 252 449 170 321 252 209 358 629 401 560 202 220 357 403 442 557 605 312 697; 565 530 951 202 323 480 351 509 738 978 483 311 889 909 186 72 142 192 224 132 582 808 452 173 495 819 417 746 909 588 0 350 725 633 783 754 455 236 146 200 741 394 611 907 316 183 589 510 380 347; 247 627 694 236 492 378 165 339 519 688 189 491 539 625 394 279 225 478 431 229 321 458 589 196 402 554 70 534 569 252 350 0 446 286 444 469 222 151 423 153 511 50 362 557 288 191 428 428 119 546; 500 655 250 676 935 344 597 724 151 253 259 933 448 184 657 669 643 894 670 640 143 408 680 621 353 110 427 172 302 449 725 446 0 283 224 680 604 592 839 544 129 442 668 403 731 543 248 367 356 988; 226 777 513 512 753 460 384 466 420 464 200 756 273 416 642 563 511 761 671 515 252 198 769 481 481 384 229 440 286 170 633 286 283 0 168 399 356 431 708 433 401 252 390 277 525 459 430 504 276 811; 379 842 394 676 921 518 552 625 375 319 311 923 224 285 766 716 669 922 789 671 285 191 851 640 534 290 394 396 127 321 783 444 224 168 0 503 520 593 868 584 352 416 532 183 693 603 450 553 408 979; 228 1091 894 559 693 807 402 291 818 820 541 703 375 788 852 685 612 789 891 624 639 335 1057 582 830 775 407 839 557 252 754 469 680 399 503 0 299 520 750 596 799 420 153 442 482 645 809 856 554 751; 157 840 851 261 435 600 104 123 707 817 376 441 521 764 565 387 314 501 607 327 506 445 793 285 624 713 192 725 626 209 455 222 604 356 520 299 0 225 457 312 695 189 158 564 203 363 641 649 336 495; 330 644 838 85 343 461 121 303 651 837 333 342 668 773 344 165 94 331 386 104 460 587 587 63 483 698 202 664 716 358 236 151 592 431 593 520 225 0 278 104 645 179 383 694 167 154 538 507 242 396; 594 671 1074 204 187 620 363 475 868 1091 586 173 944 1023 328 175 200 55 362 200 699 863 589 228 637 939 479 877 992 629 146 423 839 708 868 750 457 278 0 296 868 456 599 972 272 300 726 653 484 202; 387 540 782 159 409 367 215 403 581 795 291 404 692 728 255 132 101 351 296 97 404 611 485 87 388 645 222 592 710 401 200 153 544 433 584 596 312 104 296 0 579 200 469 708 267 51 454 410 189 455; 608 575 214 726 985 296 672 817 23 280 324 981 575 212 641 693 681 922 646 675 191 536 614 663 297 111 507 44 419 560 741 511 129 401 352 799 695 645 868 579 0 518 775 529 798 568 179 302 403 1033; 197 673 691 260 508 413 155 311 528 676 194 509 496 615 444 322 262 509 481 268 327 414 637 231 437 551 23 545 538 202 394 50 442 252 416 420 189 179 456 200 518 0 319 518 291 240 452 463 149 565; 168 988 903 412 542 728 262 142 791 848 479 551 464 804 723 544 471 637 764 484 597 403 946 443 752 772 312 810 614 220 611 362 668 390 532 153 158 383 599 469 775 319 0 523 329 519 752 778 465 600; 408 1020 529 770 994 697 625 644 552 425 466 998 72 417 917 837 780 1024 944 785 464 121 1024 749 713 453 494 572 137 357 907 557 403 277 183 442 564 694 972 708 529 518 523 0 760 736 633 733 552 1053; 356 797 980 123 234 628 141 203 805 967 476 239 720 906 474 266 203 308 516 218 609 642 732 191 650 840 309 820 808 403 316 288 731 525 693 482 203 167 272 267 798 291 329 760 0 312 701 673 397 294; 432 490 774 197 433 335 266 454 568 796 300 426 724 728 207 126 125 354 247 115 401 643 434 123 355 640 261 577 729 442 183 191 543 459 603 645 363 154 300 51 568 240 519 736 312 0 431 375 197 474; 593 408 389 611 862 120 592 763 167 457 273 856 665 388 471 552 553 778 473 545 179 608 439 541 118 286 449 166 547 557 589 428 248 430 450 809 641 538 726 454 179 452 752 633 701 431 0 124 310 905; 631 290 508 569 805 50 584 767 288 581 318 798 758 512 369 484 501 702 364 490 269 694 315 496 26 410 466 285 659 605 510 428 367 504 553 856 649 507 653 410 302 463 778 733 673 375 124 0 314 843; 327 538 598 324 583 264 283 456 409 607 103 580 549 540 365 318 287 540 394 285 219 471 513 265 288 459 153 423 534 312 380 119 356 276 408 554 336 242 484 189 403 149 465 552 397 197 310 314 0 634; 650 872 1232 312 60 807 430 460 1036 1234 729 56 1014 1169 529 359 353 173 564 360 853 937 790 370 825 1093 586 1047 1097 697 347 546 988 811 979 751 495 396 202 455 1033 565 600 1053 294 474 905 843 634 0]
th = [4, 7, 9, 3, 10, 6, 5, 0, 9, 7, 10, 1, 0, 6, 1, 9, 1, 7, 0, 1, 6, 1, 0, 3, 7, 6, 4, 4, 3, 9, 4, 2, 4, 3, 1, 6, 3, 1, 10, 5, 4, 7, 7, 10, 9, 4, 7, 2, 0, 6]
T = 4
d = [0, 4, 3, 8, 7, 1, 4, 4, 10, 6, 6, 3, 2, 1, 8, 9, 6, 6, 7, 3, 10, 7, 9, 3, 3, 0, 1, 5, 2, 4, 1, 7, 5, 3, 1, 3, 0, 5, 8, 10, 9, 3, 7, 4, 5, 4, 9, 8, 3, 5]
C = 47
