n = 55
t = [0 672 480 634 705 320 320 573 379 500 632 421 632 146 81 639 239 307 232 108 532 296 522 158 458 614 506 181 851 312 139 636 254 714 406 731 254 769 519 224 548 476 544 660 329 596 618 716 570 581 210 153 317 407 864; 672 0 255 393 477 478 719 484 512 198 358 274 384 725 739 719 629 980 562 774 157 899 364 780 799 340 615 599 329 366 811 199 433 431 685 218 781 341 614 640 125 268 580 891 974 486 278 314 450 413 813 748 468 686 243; 480 255 0 230 326 227 467 269 476 67 207 231 498 498 533 754 522 781 321 588 214 750 141 557 743 455 621 469 557 179 617 360 226 304 430 429 654 533 626 397 163 14 345 887 748 280 409 490 239 214 660 592 399 637 496; 634 393 230 0 96 318 494 122 704 281 36 461 716 601 665 984 730 907 419 740 425 925 114 662 962 671 851 670 722 383 758 557 402 81 411 606 847 723 856 475 360 222 231 1114 834 111 619 687 95 60 835 769 623 859 624; 705 477 326 96 0 386 528 142 798 377 126 557 811 656 729 1080 818 964 481 808 520 1000 202 717 1052 766 946 756 805 473 823 649 486 54 432 693 928 812 951 528 453 317 231 1208 878 119 713 778 136 128 910 846 716 951 699; 320 478 227 318 386 0 241 255 495 281 320 340 629 288 347 794 460 590 104 423 394 614 211 350 703 592 651 392 754 178 440 539 139 396 225 623 550 708 660 173 368 216 250 882 533 278 564 658 250 263 526 462 406 615 713; 320 719 467 494 528 241 0 387 644 522 510 558 836 190 287 932 545 468 176 381 629 583 415 232 777 804 792 479 988 394 371 770 330 558 109 857 572 934 803 113 608 455 307 976 355 409 785 882 403 434 512 467 562 716 954; 573 484 269 122 142 255 387 0 708 333 150 490 767 516 591 1001 705 823 344 673 482 868 128 576 945 723 861 640 808 373 686 625 371 171 296 686 804 797 868 387 424 256 110 1112 737 23 678 755 34 73 780 717 622 849 723; 379 512 476 704 798 495 644 708 0 443 683 259 284 515 458 299 176 622 483 427 359 453 599 537 287 283 156 203 547 335 473 372 356 780 691 455 321 445 165 531 418 483 739 410 698 726 317 397 688 676 389 343 89 174 611; 500 198 67 281 377 281 522 333 443 0 253 187 438 535 560 709 511 806 366 606 150 755 204 592 720 393 581 464 491 188 638 294 249 348 492 363 651 467 585 444 96 81 412 852 785 342 345 423 302 274 666 598 373 610 435; 632 358 207 36 126 320 510 150 683 253 0 436 685 606 667 959 717 910 423 738 394 920 109 668 945 640 827 658 686 368 758 524 393 97 432 571 837 689 832 483 328 199 260 1093 844 142 587 653 120 81 829 763 603 841 588; 421 274 231 461 557 340 558 490 259 187 436 0 290 505 496 524 356 724 383 514 118 626 367 552 542 252 394 325 440 165 555 220 229 532 565 314 507 377 398 455 163 241 546 665 742 504 227 324 464 443 542 477 199 431 443; 632 384 498 716 811 629 836 767 284 438 685 290 0 749 713 355 459 901 660 699 291 737 639 784 517 45 293 474 275 451 744 185 507 776 852 221 604 166 285 727 358 511 832 546 961 778 106 127 738 711 673 624 317 416 373; 146 725 498 601 656 288 190 516 515 535 606 505 749 0 98 784 385 307 184 192 602 394 499 62 602 725 649 325 945 361 184 725 292 675 290 818 387 873 662 129 602 490 462 805 251 539 721 820 522 543 323 282 444 554 939; 81 739 533 665 729 347 287 591 458 560 667 496 713 98 0 709 309 248 248 94 604 297 557 83 512 694 580 258 929 375 94 713 311 743 386 807 292 849 593 214 615 527 548 716 249 614 698 796 593 609 225 187 398 473 938; 639 719 754 984 1080 794 932 1001 299 709 959 524 355 784 709 0 400 806 778 651 590 585 885 793 270 390 143 459 608 631 694 531 655 1056 987 576 471 499 134 820 658 763 1036 199 922 1018 452 475 978 962 562 547 388 242 724; 239 629 522 730 818 460 545 705 176 511 717 356 459 385 309 400 0 447 411 260 472 284 617 392 244 454 272 69 715 349 306 524 334 811 615 614 155 617 286 437 517 525 709 433 534 726 480 567 692 690 214 168 166 171 765; 307 980 781 907 964 590 468 823 622 806 910 724 901 307 248 806 447 0 488 210 837 236 802 248 555 890 703 428 1141 619 170 932 557 982 577 1027 336 1051 717 436 855 775 765 750 167 847 905 999 829 849 246 279 587 568 1166; 232 562 321 419 481 104 176 344 483 366 423 383 660 184 248 778 411 488 0 329 459 527 315 246 653 628 635 342 816 219 342 596 154 496 209 686 477 759 646 78 445 312 313 843 430 368 609 707 345 362 441 382 396 577 789; 108 774 588 740 808 423 381 673 427 606 738 514 699 192 94 651 260 210 329 0 629 204 629 164 434 685 530 226 933 418 46 723 362 819 479 817 207 845 544 304 649 584 636 639 274 696 697 793 672 686 132 107 382 410 956; 532 157 214 425 520 394 629 482 359 150 394 118 291 602 604 590 472 837 459 629 0 744 354 653 645 246 474 444 360 243 668 148 313 486 617 229 625 321 475 536 70 228 558 750 846 492 196 276 452 423 660 595 311 533 336; 296 899 750 925 1000 614 583 868 453 755 920 626 737 394 297 585 284 236 527 204 744 0 812 357 324 736 498 301 998 572 214 808 530 1005 683 898 133 898 512 508 780 749 838 514 387 891 764 849 865 874 91 159 448 355 1049; 522 364 141 114 202 211 415 128 599 204 109 367 639 499 557 885 617 802 315 629 354 812 0 561 851 596 749 556 684 271 649 497 288 195 349 559 732 669 755 378 296 129 216 1007 740 139 549 627 98 77 721 655 516 750 606; 158 780 557 662 717 350 232 576 537 592 668 552 784 62 83 793 392 248 246 164 653 357 561 0 593 763 662 339 990 415 143 771 347 736 338 865 370 914 676 189 657 549 519 798 194 599 762 861 582 604 295 266 472 557 989; 458 799 743 962 1052 703 777 945 287 720 945 542 517 602 512 270 244 555 653 434 645 324 851 593 0 534 228 312 792 580 471 648 574 1041 854 721 230 683 238 673 703 748 952 205 688 965 582 643 930 925 320 328 347 113 879; 614 340 455 671 766 592 804 723 283 393 640 252 45 725 694 390 454 890 628 685 246 736 596 763 534 0 315 462 264 416 731 143 474 731 816 191 603 163 309 697 313 467 791 577 943 734 63 114 694 667 668 616 303 429 347; 506 615 621 851 946 651 792 861 156 581 827 394 293 649 580 143 272 703 635 530 474 498 749 662 228 315 0 325 566 490 575 443 512 924 844 506 372 456 14 679 539 629 894 277 804 879 369 419 840 826 458 431 244 144 662; 181 599 469 670 756 392 479 640 203 464 658 325 474 325 258 459 69 428 342 226 444 301 556 339 312 462 325 0 716 292 272 514 270 751 546 606 187 624 338 369 481 471 641 502 495 661 479 572 628 628 218 157 159 238 753; 851 329 557 722 805 754 988 808 547 491 686 440 275 945 929 608 715 1141 816 933 360 998 684 990 792 264 566 716 0 597 977 221 665 758 976 131 866 110 558 892 395 572 899 806 1178 812 237 151 775 739 927 872 557 690 146; 312 366 179 383 473 178 394 373 335 188 368 165 451 361 375 631 349 619 219 418 243 572 271 415 580 416 490 292 597 0 451 377 70 462 401 467 476 540 498 295 242 179 406 739 609 392 392 489 354 346 482 414 249 479 578; 139 811 617 758 823 440 371 686 473 638 758 555 744 184 94 694 306 170 342 46 668 214 649 143 471 731 575 272 977 451 0 765 392 836 474 860 241 890 589 307 686 612 642 675 229 709 742 837 687 703 157 148 428 453 998; 636 199 360 557 649 539 770 625 372 294 524 220 185 725 713 531 524 932 596 723 148 808 497 771 648 143 443 514 221 377 765 0 445 609 763 95 679 173 439 671 201 374 705 713 961 633 80 130 594 562 730 671 360 538 241; 254 433 226 402 486 139 330 371 356 249 393 229 507 292 311 655 334 557 154 362 313 530 288 347 574 474 512 270 665 70 392 445 0 483 348 536 444 605 521 227 310 222 385 747 541 392 455 553 358 358 439 371 268 481 648; 714 431 304 81 54 396 558 171 780 348 97 532 776 675 743 1056 811 982 496 819 486 1005 195 736 1041 731 924 751 758 462 836 609 483 0 468 649 927 769 929 548 418 297 272 1190 904 152 676 737 156 133 915 850 700 937 648; 406 685 430 411 432 225 109 296 691 492 432 565 852 290 386 987 615 577 209 479 617 683 349 338 854 816 844 546 976 401 474 763 348 468 0 845 660 933 855 182 584 417 205 1048 461 316 789 883 317 352 607 558 605 783 926; 731 218 429 606 693 623 857 686 455 363 571 314 221 818 807 576 614 1027 686 817 229 898 559 865 721 191 506 606 131 467 860 95 536 649 845 0 768 124 500 762 267 443 773 767 1055 691 140 110 653 619 822 763 450 614 157; 254 781 654 847 928 550 572 804 321 651 837 507 604 387 292 471 155 336 477 207 625 133 732 370 230 603 372 187 866 476 241 679 444 927 660 768 0 766 386 478 666 654 789 434 459 826 633 717 796 800 92 105 321 232 920; 769 341 533 723 812 708 934 797 445 467 689 377 166 873 849 499 617 1051 759 845 321 898 669 914 683 163 456 624 110 540 890 173 605 769 933 124 766 0 448 832 373 547 878 696 1099 803 153 54 765 732 831 778 464 582 233; 519 614 626 856 951 660 803 868 165 585 832 398 285 662 593 134 286 717 646 544 475 512 755 676 238 309 14 338 558 498 589 439 521 929 855 500 386 448 0 691 541 634 903 277 818 886 365 412 847 832 472 445 254 158 656; 224 640 397 475 528 173 113 387 531 444 483 455 727 129 214 820 437 436 78 304 536 508 378 189 673 697 679 369 892 295 307 671 227 548 182 762 478 832 691 0 523 387 335 869 362 410 681 779 394 416 428 376 448 607 867; 548 125 163 360 453 368 608 424 418 96 328 163 358 602 615 658 517 855 445 649 70 780 296 657 703 313 539 481 395 242 686 201 310 418 584 267 666 373 541 523 0 177 507 815 851 432 260 331 393 361 693 627 362 591 346; 476 268 14 222 317 216 455 256 483 81 199 241 511 490 527 763 525 775 312 584 228 749 129 549 748 467 629 471 572 179 612 374 222 297 417 443 654 547 634 387 177 0 331 894 740 267 422 503 227 203 658 590 405 642 510; 544 580 345 231 231 250 307 110 739 412 260 546 832 462 548 1036 709 765 313 636 558 838 216 519 952 791 894 641 899 406 642 705 385 272 205 773 789 878 903 335 507 331 0 1131 662 123 750 834 141 181 754 695 650 865 822; 660 891 887 1114 1208 882 976 1112 410 852 1093 665 546 805 716 199 433 750 843 639 750 514 1007 798 205 577 277 502 806 739 675 713 747 1190 1048 767 434 696 277 869 815 894 1131 0 890 1131 636 670 1094 1084 523 533 492 267 918; 329 974 748 834 878 533 355 737 698 785 844 742 961 251 249 922 534 167 430 274 846 387 740 194 688 943 804 495 1178 609 229 961 541 904 461 1055 459 1099 818 362 851 740 662 890 0 759 947 1045 748 774 368 375 644 680 1182; 596 486 280 111 119 278 409 23 726 342 142 504 778 539 614 1018 726 847 368 696 492 891 139 599 965 734 879 661 812 392 709 633 392 152 316 691 826 803 886 410 432 267 123 1131 759 0 687 763 40 73 803 740 641 869 723; 618 278 409 619 713 564 785 678 317 345 587 227 106 721 698 452 480 905 609 697 196 764 549 762 582 63 369 479 237 392 742 80 455 676 789 140 633 153 365 681 260 422 750 636 947 687 0 99 647 619 691 636 320 474 297; 716 314 490 687 778 658 882 755 397 423 653 324 127 820 796 475 567 999 707 793 276 849 627 861 643 114 419 572 151 489 837 130 553 737 883 110 717 54 412 779 331 503 834 670 1045 763 99 0 724 692 780 727 412 540 249; 570 450 239 95 136 250 403 34 688 302 120 464 738 522 593 978 692 829 345 672 452 865 98 582 930 694 840 628 775 354 687 594 358 156 317 653 796 765 847 394 393 227 141 1094 748 40 647 724 0 41 776 712 603 833 689; 581 413 214 60 128 263 434 73 676 274 81 443 711 543 609 962 690 849 362 686 423 874 77 604 925 667 826 628 739 346 703 562 358 133 352 619 800 732 832 416 361 203 181 1084 774 73 619 692 41 0 785 719 592 825 651; 210 813 660 835 910 526 512 780 389 666 829 542 673 323 225 562 214 246 441 132 660 91 721 295 320 668 458 218 927 482 157 730 439 915 607 822 92 831 472 428 693 658 754 523 368 803 691 780 776 785 0 68 372 322 970; 153 748 592 769 846 462 467 717 343 598 763 477 624 282 187 547 168 279 382 107 595 159 655 266 328 616 431 157 872 414 148 671 371 850 558 763 105 778 445 376 627 590 695 533 375 740 636 727 712 719 68 0 315 305 910; 317 468 399 623 716 406 562 622 89 373 603 199 317 444 398 388 166 587 396 382 311 448 516 472 347 303 244 159 557 249 428 360 268 700 605 450 321 464 254 448 362 405 650 492 644 641 320 412 603 592 372 315 0 238 600; 407 686 637 859 951 615 716 849 174 610 841 431 416 554 473 242 171 568 577 410 533 355 750 557 113 429 144 238 690 479 453 538 481 937 783 614 232 582 158 607 591 642 865 267 680 869 474 540 833 825 322 305 238 0 771; 864 243 496 624 699 713 954 723 611 435 588 443 373 939 938 724 765 1166 789 956 336 1049 606 989 879 347 662 753 146 578 998 241 648 648 926 157 920 233 656 867 346 510 822 918 1182 723 297 249 689 651 970 910 600 771 0]
th = [0, 7, 9, 3, 5, 9, 2, 8, 1, 2, 6, 8, 3, 8, 6, 2, 9, 8, 8, 2, 0, 3, 1, 3, 7, 5, 4, 8, 9, 10, 2, 0, 0, 8, 0, 9, 1, 8, 6, 7, 5, 6, 4, 3, 2, 9, 8, 3, 3, 0, 4, 8, 2, 9, 10]
T = 4
d = [0, 6, 3, 2, 1, 5, 0, 4, 5, 5, 7, 10, 9, 3, 8, 9, 9, 1, 5, 5, 9, 7, 1, 8, 10, 9, 1, 1, 2, 1, 0, 10, 2, 5, 3, 8, 0, 5, 3, 9, 1, 2, 1, 9, 4, 4, 4, 2, 4, 3, 7, 7, 8, 9, 5]
C = 39
