n = 6
t = [0 61 568 617 475 758; 61 0 524 560 414 700; 568 524 0 259 392 702; 617 560 259 0 223 459; 475 414 392 223 0 345; 758 700 702 459 345 0]
th = [1, 10, 1, 9, 3, 1]
T = 2
d = [0, 7, 9, 10, 2, 3]
C = 20
