n = 65
t = [0 554 511 637 432 276 146 307 304 294 792 766 153 878 198 306 672 935 661 359 327 713 357 398 199 249 443 337 498 288 410 197 411 49 385 250 157 337 624 394 747 149 574 698 426 546 593 748 324 636 12 627 568 413 575 430 114 233 261 352 434 305 219 706 276; 554 0 371 202 182 774 562 772 271 504 359 347 647 473 357 415 418 487 137 345 244 307 558 218 527 503 610 777 338 290 924 394 143 566 173 798 402 651 266 649 434 521 425 529 313 424 822 430 561 263 565 372 411 243 75 203 531 769 436 233 242 651 394 505 369; 511 371 0 571 216 787 610 570 420 654 730 718 510 845 397 211 762 854 358 155 273 265 727 460 615 303 806 836 632 274 739 320 337 489 362 746 381 776 188 805 243 388 71 856 100 56 1010 245 302 204 517 711 61 499 445 194 419 741 578 246 514 757 294 201 522; 637 202 571 0 367 800 597 900 334 485 170 151 759 279 447 581 235 310 293 522 389 489 516 239 543 655 539 777 232 431 1037 523 273 662 278 856 507 625 463 601 626 648 627 355 503 625 737 621 725 458 648 200 613 230 127 390 648 818 439 392 212 636 533 706 384; 432 182 216 367 0 686 483 605 230 481 533 518 495 646 256 235 547 666 241 163 107 292 549 248 467 329 620 712 418 143 765 244 122 431 151 682 276 618 210 635 368 364 282 641 136 272 831 367 381 218 441 496 269 288 247 23 381 662 404 80 300 607 235 392 340; 276 774 787 800 686 0 211 448 502 327 928 900 346 991 431 582 754 1063 897 633 578 975 337 575 257 517 389 102 601 547 446 469 635 306 601 135 416 237 888 304 1020 416 849 734 699 822 436 1020 580 899 272 722 844 572 774 688 381 89 361 606 589 205 493 982 419; 146 562 610 597 483 211 0 439 291 166 735 707 291 808 227 420 583 874 687 455 376 775 217 366 67 384 301 230 416 350 512 291 425 195 390 263 229 192 690 248 831 288 677 588 515 652 448 831 464 700 152 544 670 367 564 488 256 221 165 406 385 162 319 810 213; 307 772 570 900 605 448 439 0 573 599 1065 1041 154 1161 458 382 970 1208 845 462 528 826 656 670 501 281 740 546 795 482 170 380 640 263 625 328 395 614 740 679 806 253 604 1003 528 575 860 809 269 755 297 922 607 693 814 593 253 361 567 539 716 578 377 717 575; 304 271 420 334 230 502 291 573 0 253 494 469 427 588 115 315 413 637 399 294 147 513 320 97 257 357 391 508 246 160 704 212 138 328 102 534 178 395 437 407 598 325 491 476 322 474 602 596 440 443 315 362 480 123 277 244 319 502 178 174 145 388 231 613 111; 294 504 654 485 481 327 166 599 253 0 603 574 447 664 261 499 429 736 640 509 387 766 75 287 100 493 161 292 274 380 678 365 388 342 350 416 300 147 690 154 848 412 725 424 554 704 356 847 579 696 303 395 715 271 485 494 386 368 77 417 282 151 395 853 142; 792 359 730 170 533 928 735 1065 494 603 0 29 921 115 608 751 224 143 414 691 559 612 616 397 676 824 617 892 329 600 1198 690 443 820 446 998 671 730 603 693 754 813 782 333 669 783 792 749 895 595 803 226 767 379 288 556 812 956 571 561 358 747 701 849 526; 766 347 718 151 518 900 707 1041 469 574 29 0 896 128 584 731 198 169 411 673 538 609 587 372 648 803 589 863 300 580 1172 668 423 795 425 970 646 701 596 664 751 790 771 310 653 771 765 746 875 589 777 198 757 353 274 540 788 928 543 542 331 718 679 842 498; 153 647 510 759 495 346 291 154 427 447 921 896 0 1014 313 301 817 1064 735 375 404 747 507 524 350 207 592 433 643 359 279 254 509 109 490 257 252 474 658 537 752 131 559 849 446 530 727 754 246 672 144 770 558 545 681 486 115 271 413 421 568 440 260 685 422; 878 473 845 279 646 991 808 1161 588 664 115 128 1014 0 703 859 244 88 527 801 665 722 666 491 746 929 652 945 392 706 1287 791 551 910 551 1071 767 779 717 734 866 912 896 323 781 897 805 861 1002 709 890 269 882 468 401 668 908 1027 643 670 446 800 804 962 606; 198 357 397 447 256 431 227 458 115 261 608 584 313 703 0 242 520 752 471 249 149 547 335 212 219 259 419 457 348 126 591 114 215 216 187 441 65 379 463 409 608 212 467 572 299 445 616 607 345 472 209 470 458 236 378 261 205 414 188 178 258 362 141 598 150; 306 415 211 581 235 582 420 382 315 499 751 731 301 859 242 0 719 889 468 80 195 449 573 392 439 101 659 639 559 160 549 134 308 280 311 535 200 601 361 641 453 177 269 790 147 241 849 455 146 375 310 667 265 429 472 219 208 531 429 190 449 577 105 400 389; 672 418 762 235 547 754 583 970 413 429 224 198 817 244 520 719 0 326 526 679 528 720 424 327 518 770 408 703 175 559 1081 624 429 710 414 843 585 536 684 490 851 732 826 121 679 818 570 847 851 681 683 52 812 292 347 570 721 797 420 542 270 559 643 919 396; 935 487 854 310 666 1063 874 1208 637 736 143 169 1064 88 752 889 326 0 517 826 699 706 742 540 813 965 734 1021 462 741 1341 833 582 964 588 1137 814 856 711 814 850 957 901 410 799 904 891 845 1034 702 946 345 886 522 420 688 955 1094 709 699 500 876 843 955 667; 661 137 358 293 241 897 687 845 399 640 414 411 735 527 471 468 526 517 0 390 336 199 695 355 656 566 747 907 469 379 1006 483 262 666 298 910 505 786 195 785 340 605 392 643 336 401 959 335 608 185 672 485 379 380 187 252 621 885 570 315 378 784 476 438 502; 359 345 155 522 163 633 455 462 294 509 691 673 375 801 249 80 679 826 390 0 153 372 583 356 463 181 665 681 528 135 628 166 254 340 265 599 227 625 283 658 389 247 222 759 71 198 864 390 220 297 365 626 214 395 407 144 274 590 435 137 413 605 140 354 385; 327 244 273 389 107 578 376 528 147 387 559 538 404 665 149 195 528 699 336 153 0 399 458 204 364 267 535 605 376 46 681 151 116 330 116 577 171 519 314 540 464 278 344 606 174 327 742 463 337 324 337 475 333 242 288 112 289 556 310 30 261 505 151 468 251; 713 307 265 489 292 975 775 826 513 766 612 609 747 722 547 449 720 706 199 372 399 0 830 500 759 549 894 1004 643 428 995 517 380 703 417 961 560 907 89 918 144 618 263 833 302 283 1107 139 563 77 721 676 252 534 374 287 643 946 690 369 538 898 499 260 624; 357 558 727 516 549 337 217 656 320 75 616 587 507 666 335 573 424 742 695 583 458 830 0 340 158 565 88 280 290 453 723 440 450 405 413 443 374 114 756 90 917 482 798 398 627 777 284 916 651 762 364 397 788 318 531 563 455 393 149 488 325 136 469 925 209; 398 218 460 239 248 575 366 670 97 287 397 372 524 491 212 392 327 540 355 356 204 500 340 0 320 446 395 567 173 233 801 303 128 424 98 620 275 434 435 431 604 421 528 403 367 516 609 602 526 438 409 274 516 40 201 268 416 584 223 222 57 435 320 640 158; 199 527 615 543 467 257 67 501 257 100 676 648 350 746 219 439 518 813 656 463 364 759 158 320 0 417 245 251 353 345 579 305 395 247 358 326 239 162 677 206 826 328 684 521 517 661 412 826 501 686 207 480 676 316 521 476 299 281 105 394 332 143 335 816 163; 249 503 303 655 329 517 384 281 357 493 824 803 207 929 259 101 770 965 566 181 267 549 565 446 417 0 653 586 602 224 447 146 383 212 378 454 199 574 462 622 545 102 352 829 248 323 828 547 87 476 250 718 350 478 554 314 137 457 432 271 500 546 126 479 407; 443 610 806 539 620 389 301 740 391 161 617 589 592 652 419 659 408 734 747 665 535 894 88 395 245 653 0 314 307 533 799 526 514 492 478 507 461 152 824 88 988 570 877 358 706 857 214 986 739 828 451 392 866 367 573 635 543 456 231 563 369 186 555 1002 284; 337 777 836 777 712 102 230 546 508 292 892 863 433 945 457 639 703 1021 907 681 605 1004 280 567 251 586 314 0 563 580 548 515 645 375 609 237 456 168 920 226 1061 484 902 669 743 876 335 1061 656 929 336 676 895 557 768 718 449 190 345 635 571 145 542 1035 410; 498 338 632 232 418 601 416 795 246 274 329 300 643 392 348 559 175 462 469 528 376 643 290 173 353 602 307 563 0 401 907 456 296 535 270 679 413 403 589 372 760 559 700 231 541 688 507 757 685 590 509 129 686 134 284 439 547 634 251 395 118 419 477 807 222; 288 290 274 431 143 547 350 482 160 380 600 580 359 706 126 160 559 741 379 135 46 428 453 233 345 224 533 580 401 0 635 105 160 288 155 539 133 504 342 532 482 232 345 632 174 324 736 482 297 352 298 507 335 269 333 142 244 519 304 64 289 488 105 474 251; 410 924 739 1037 765 446 512 170 704 678 1198 1172 279 1287 591 549 1081 1341 1006 628 681 995 723 801 579 447 799 548 907 635 0 530 788 377 769 311 531 656 908 725 975 403 774 1099 696 745 881 978 439 923 398 1036 776 820 961 754 394 359 664 695 842 620 532 884 686; 197 394 320 523 244 469 291 380 212 365 690 668 254 791 114 134 624 833 483 166 151 517 440 303 305 146 526 515 456 105 530 0 260 188 246 444 66 468 428 507 551 128 387 683 231 361 715 552 231 440 204 573 380 334 433 239 138 430 297 168 356 445 29 519 264; 411 143 337 273 122 635 425 640 138 388 443 423 509 551 215 308 429 582 262 254 116 380 450 128 395 383 514 645 296 160 788 260 0 424 38 655 261 532 310 539 478 387 404 519 250 394 727 475 452 314 422 377 391 166 174 144 394 627 314 119 178 526 265 513 246; 49 566 489 662 431 306 195 263 328 342 820 795 109 910 216 280 710 964 666 340 330 703 405 424 247 212 492 375 535 288 377 188 424 0 401 259 163 385 614 443 729 110 549 740 410 520 641 730 281 627 43 664 544 442 593 426 75 251 305 352 465 353 205 680 314; 385 173 362 278 151 601 390 625 102 350 446 425 490 551 187 311 414 588 298 265 116 417 413 98 358 378 478 609 270 155 769 246 38 401 0 625 239 494 346 501 512 372 430 498 270 418 691 510 451 351 396 361 417 138 192 170 376 596 277 128 153 489 255 543 209; 250 798 746 856 682 135 263 328 534 416 998 970 257 1071 441 535 843 1137 910 599 577 961 443 620 326 454 507 237 679 539 311 444 655 259 625 0 407 358 872 427 987 359 803 837 669 774 571 988 502 884 241 805 800 626 811 680 327 51 428 602 645 322 463 932 473; 157 402 381 507 276 416 229 395 178 300 671 646 252 767 65 200 585 814 505 227 171 560 374 275 239 199 461 456 413 133 531 66 261 163 239 407 0 402 473 441 606 147 449 635 287 424 648 606 286 484 166 535 441 300 431 275 141 387 234 196 323 380 96 581 208; 337 651 776 625 618 237 192 614 395 147 730 701 474 779 379 601 536 856 786 625 519 907 114 434 162 574 152 168 403 504 656 468 532 385 494 358 402 0 828 69 983 480 846 502 678 822 256 982 655 836 342 511 837 417 632 629 448 307 218 549 427 37 497 977 286; 624 266 188 463 210 888 690 740 437 690 603 596 658 717 463 361 684 711 195 283 314 89 756 435 677 462 824 920 589 342 908 428 310 614 346 872 473 828 0 843 171 528 204 793 214 219 1036 168 479 15 632 637 192 471 339 202 553 857 613 285 478 817 410 246 548; 394 649 805 601 635 304 248 679 407 154 693 664 537 734 409 641 490 814 785 658 540 918 90 431 206 622 88 226 372 532 725 507 539 443 501 427 441 69 843 0 1002 532 876 445 706 854 207 1001 706 849 400 469 867 408 621 648 502 376 231 571 415 106 537 1005 295; 747 434 243 626 368 1020 831 806 598 848 754 751 752 866 608 453 851 850 340 389 464 144 917 604 826 545 988 1061 760 482 975 551 478 729 512 987 606 983 171 1002 0 630 202 962 321 231 1199 6 536 171 753 806 199 641 505 355 660 979 771 434 648 969 528 135 708; 149 521 388 648 364 416 288 253 325 412 813 790 131 912 212 177 732 957 605 247 278 618 482 421 328 102 570 484 559 232 403 128 387 110 372 359 147 480 528 532 630 0 444 778 317 415 736 632 176 542 149 682 441 447 561 355 35 358 359 292 470 450 129 574 347; 574 425 71 627 282 849 677 604 491 725 782 771 559 896 467 269 826 901 392 222 344 263 798 528 684 352 877 902 700 345 774 387 404 549 430 803 449 846 204 876 202 444 0 922 171 29 1081 205 335 218 578 775 14 568 500 261 476 800 649 317 582 827 359 133 593; 698 529 856 355 641 734 588 1003 476 424 333 310 849 323 572 790 121 410 643 759 606 833 398 403 521 829 358 669 231 632 1099 683 519 740 498 837 635 502 793 445 962 778 922 0 768 913 485 958 914 791 708 158 909 364 460 663 763 788 437 625 346 531 705 1023 432; 426 313 100 503 136 699 515 528 322 554 669 653 446 781 299 147 679 799 336 71 174 302 627 367 517 248 706 743 541 174 696 231 250 410 270 669 287 678 214 706 321 317 171 768 0 152 910 321 275 228 433 628 161 407 381 114 344 659 478 148 423 660 207 299 423; 546 424 56 625 272 822 652 575 474 704 783 771 530 897 445 241 818 904 401 198 327 283 777 516 661 323 857 876 688 324 745 361 394 520 418 774 424 822 219 854 231 415 29 913 152 0 1060 234 306 233 551 767 33 556 498 250 448 772 628 300 570 803 333 160 574; 593 822 1010 737 831 436 448 860 602 356 792 765 727 805 616 849 570 891 959 864 742 1107 284 609 412 828 214 335 507 736 881 715 727 641 691 571 648 256 1036 207 1199 736 1081 485 910 1060 0 1198 911 1041 598 568 1071 579 783 846 704 522 432 771 581 289 744 1209 492; 748 430 245 621 367 1020 831 809 596 847 749 746 754 861 607 455 847 845 335 390 463 139 916 602 826 547 986 1061 757 482 978 552 475 730 510 988 606 982 168 1001 6 632 205 958 321 234 1198 0 539 168 754 802 202 638 501 354 661 980 770 433 646 968 529 140 707; 324 561 302 725 381 580 464 269 440 579 895 875 246 1002 345 146 851 1034 608 220 337 563 651 526 501 87 739 656 685 297 439 231 452 281 451 502 286 655 479 706 536 176 335 914 275 306 911 539 0 495 322 799 337 559 618 363 209 512 519 335 581 626 209 451 493; 636 263 204 458 218 899 700 755 443 696 595 589 672 709 472 375 681 702 185 297 324 77 762 438 686 476 828 929 590 352 923 440 314 627 351 884 484 836 15 849 171 542 218 791 228 233 1041 168 495 0 644 635 206 474 335 211 566 869 620 294 480 825 422 254 554; 12 565 517 648 441 272 152 297 315 303 803 777 144 890 209 310 683 946 672 365 337 721 364 409 207 250 451 336 509 298 398 204 422 43 396 241 166 342 632 400 753 149 578 708 433 551 598 754 322 644 0 638 573 424 586 439 114 226 271 361 446 309 226 710 288; 627 372 711 200 496 722 544 922 362 395 226 198 770 269 470 667 52 345 485 626 475 676 397 274 480 718 392 676 129 507 1036 573 377 664 361 805 535 511 637 469 806 682 775 158 628 767 568 802 799 635 638 0 761 240 302 518 672 760 379 490 219 531 592 871 351; 568 411 61 613 269 844 670 607 480 715 767 757 558 882 458 265 812 886 379 214 333 252 788 516 676 350 866 895 686 335 776 380 391 544 417 800 441 837 192 867 199 441 14 909 161 33 1071 202 337 206 573 761 0 555 485 248 473 796 639 305 569 818 353 140 583; 413 243 499 230 288 572 367 693 123 271 379 353 545 468 236 429 292 522 380 395 242 534 318 40 316 478 367 557 134 269 820 334 166 442 138 626 300 417 471 408 641 447 568 364 407 556 579 638 559 474 424 240 555 0 215 308 441 587 213 261 23 421 352 679 154; 575 75 445 127 247 774 564 814 277 485 288 274 681 401 378 472 347 420 187 407 288 374 531 201 521 554 573 768 284 333 961 433 174 593 192 811 431 632 339 621 505 561 500 460 381 498 783 501 618 335 586 302 485 215 0 268 567 778 423 284 206 635 438 580 359; 430 203 194 390 23 688 488 593 244 494 556 540 486 668 261 219 570 688 252 144 112 287 563 268 476 314 635 718 439 142 754 239 144 426 170 680 275 629 202 648 355 355 261 663 114 250 846 354 363 211 439 518 248 308 268 0 374 662 417 83 321 617 227 373 354; 114 531 419 648 381 381 256 253 319 386 812 788 115 908 205 208 721 955 621 274 289 643 455 416 299 137 543 449 547 244 394 138 394 75 376 327 141 448 553 502 660 35 476 763 344 448 704 661 209 566 114 672 473 441 567 374 0 324 337 306 463 418 147 607 331; 233 769 741 818 662 89 221 361 502 368 956 928 271 1027 414 531 797 1094 885 590 556 946 393 584 281 457 456 190 634 519 359 430 627 251 596 51 387 307 857 376 979 358 800 788 659 772 522 980 512 869 226 760 796 587 778 662 324 0 385 582 606 271 451 931 434; 261 436 578 439 404 361 165 567 178 77 571 543 413 643 188 429 420 709 570 435 310 690 149 223 105 432 231 345 251 304 664 297 314 305 277 428 234 218 613 231 771 359 649 437 478 628 432 770 519 620 271 379 639 213 423 417 337 385 0 340 229 214 326 776 68; 352 233 246 392 80 606 406 539 174 417 561 542 421 670 178 190 542 699 315 137 30 369 488 222 394 271 563 635 395 64 695 168 119 352 128 602 196 549 285 571 434 292 317 625 148 300 771 433 335 294 361 490 305 261 284 83 306 582 340 0 278 536 163 439 280; 434 242 514 212 300 589 385 716 145 282 358 331 568 446 258 449 270 500 378 413 261 538 325 57 332 500 369 571 118 289 842 356 178 465 153 645 323 427 478 415 648 470 582 346 423 570 581 646 581 480 446 219 569 23 206 321 463 606 229 278 0 433 374 691 172; 305 651 757 636 607 205 162 578 388 151 747 718 440 800 362 577 559 876 784 605 505 898 136 435 143 546 186 145 419 488 620 445 526 353 489 322 380 37 817 106 969 450 827 531 660 803 289 968 626 825 309 531 818 421 635 617 418 271 214 536 433 0 474 958 282; 219 394 294 533 235 493 319 377 231 395 701 679 260 804 141 105 643 843 476 140 151 499 469 320 335 126 555 542 477 105 532 29 265 205 255 463 96 497 410 537 528 129 359 705 207 333 744 529 209 422 226 592 353 352 438 227 147 451 326 163 374 474 0 492 291; 706 505 201 706 392 982 810 717 613 853 849 842 685 962 598 400 919 955 438 354 468 260 925 640 816 479 1002 1035 807 474 884 519 513 680 543 932 581 977 246 1005 135 574 133 1023 299 160 1209 140 451 254 710 871 140 679 580 373 607 931 776 439 691 958 492 0 719; 276 369 522 384 340 419 213 575 111 142 526 498 422 606 150 389 396 667 502 385 251 624 209 158 163 407 284 410 222 251 686 264 246 314 209 473 208 286 548 295 708 347 593 432 423 574 492 707 493 554 288 351 583 154 359 354 331 434 68 280 172 282 291 719 0]
th = [3, 4, 1, 6, 6, 4, 5, 5, 9, 2, 7, 6, 10, 2, 9, 1, 8, 1, 5, 9, 1, 1, 10, 3, 3, 9, 1, 10, 0, 4, 8, 9, 2, 7, 9, 2, 3, 8, 3, 4, 7, 0, 7, 0, 7, 6, 2, 4, 4, 1, 4, 4, 9, 5, 1, 3, 10, 1, 6, 8, 4, 7, 9, 4, 10]
T = 4
d = [0, 1, 8, 1, 3, 5, 6, 3, 8, 0, 3, 4, 4, 8, 8, 8, 7, 6, 5, 4, 9, 5, 5, 2, 9, 4, 9, 0, 7, 5, 10, 2, 3, 0, 3, 8, 6, 4, 1, 8, 1, 1, 1, 9, 5, 2, 3, 0, 5, 0, 2, 2, 8, 5, 2, 3, 10, 4, 7, 7, 3, 3, 9, 10, 6]
C = 20
