n = 7
t = [0 506 624 684 366 633 622; 506 0 292 186 521 304 135; 624 292 0 259 770 12 221; 684 186 259 0 696 267 65; 366 521 770 696 0 782 655; 633 304 12 267 782 0 230; 622 135 221 65 655 230 0]
th = [5, 7, 3, 1, 1, 2, 0]
T = 3
d = [0, 10, 6, 1, 6, 0, 4]
C = 20
