n = 70
t = [0 730 371 603 883 752 215 631 858 569 760 673 448 620 645 492 365 602 247 801 734 254 899 706 692 803 734 743 475 659 441 564 621 531 661 615 805 616 705 369 278 150 650 687 710 410 791 166 733 577 716 623 757 678 481 470 465 439 655 794 67 753 240 590 495 458 536 579 733 340; 730 0 451 129 518 173 765 173 540 1087 610 63 461 578 122 1007 745 310 540 612 576 548 767 962 110 125 896 948 371 757 907 941 213 683 703 381 897 342 1004 969 500 857 816 665 252 357 763 630 372 636 1002 804 118 113 344 268 303 628 1122 117 710 1224 929 487 278 897 1037 420 442 457; 371 451 0 353 515 413 324 436 494 638 423 413 91 297 337 556 297 236 124 458 391 121 583 571 465 559 540 577 109 417 458 509 451 298 388 245 578 246 600 521 94 453 448 387 351 102 503 218 362 295 602 427 434 363 395 201 149 209 680 550 322 784 507 237 174 451 588 211 365 36; 603 129 353 0 553 235 652 109 564 990 598 70 383 537 111 908 650 279 426 610 563 436 765 899 113 210 844 892 294 708 811 858 144 617 659 353 858 316 936 859 386 733 759 631 274 252 738 512 385 582 935 743 201 138 230 155 207 548 1033 201 586 1136 808 445 190 804 940 379 446 351; 883 518 515 553 0 346 780 656 49 937 215 546 435 318 443 879 659 316 636 179 209 628 296 668 619 630 564 625 421 452 785 740 695 478 393 274 518 287 724 921 609 941 526 333 278 514 360 721 175 400 714 532 403 424 757 529 481 508 924 624 828 1003 972 301 461 759 889 304 150 549; 752 173 413 235 346 0 737 325 369 1017 455 208 388 449 130 941 682 200 526 451 423 529 604 846 277 287 767 824 309 630 840 851 366 578 571 255 757 220 893 929 487 858 695 526 97 344 613 622 210 519 888 688 58 98 463 292 287 544 1038 281 718 1135 918 364 257 825 966 304 283 431; 215 765 324 652 780 737 0 711 746 379 619 718 365 479 657 296 163 552 225 664 600 216 736 494 757 861 530 533 429 474 229 349 713 355 488 539 607 553 490 209 266 174 451 526 671 409 617 149 658 417 501 425 758 685 601 499 464 281 454 852 155 556 193 479 493 245 338 491 637 310; 631 173 436 109 656 325 711 0 670 1065 707 118 479 643 214 981 729 387 489 719 671 502 874 996 74 180 946 992 393 810 887 945 41 714 764 462 963 425 1030 920 452 771 859 737 378 334 846 565 492 684 1031 842 280 234 184 236 299 639 1114 173 625 1219 852 552 287 883 1016 486 554 428; 858 540 494 564 49 369 746 670 0 891 166 564 410 277 456 835 620 312 612 130 163 604 252 619 638 656 514 576 406 404 741 694 708 435 345 260 469 279 675 881 588 910 478 285 293 503 311 694 179 357 665 484 428 440 759 527 474 471 876 650 801 955 937 270 456 716 844 283 134 529; 569 1087 638 990 937 1017 379 1065 891 0 729 1051 632 624 969 84 342 817 579 773 729 565 768 345 1101 1197 448 406 720 499 180 202 1073 464 551 774 536 802 298 208 615 448 431 609 932 738 638 523 876 540 315 417 1052 991 974 836 786 473 101 1188 523 185 374 677 810 192 51 721 827 639; 760 610 423 598 215 455 619 707 166 729 0 617 331 141 504 677 479 320 525 45 36 513 169 454 691 734 351 413 365 238 586 530 740 283 180 247 315 282 509 734 510 790 312 120 361 465 161 594 245 207 499 318 512 499 758 518 454 339 711 726 698 789 807 187 447 559 682 237 172 458; 673 63 413 70 546 208 718 118 564 1051 617 0 434 570 113 969 710 304 493 624 582 502 779 945 75 146 884 934 343 746 871 913 159 663 695 378 892 340 984 925 453 803 801 661 271 314 764 580 389 622 982 787 162 123 281 220 265 600 1091 137 656 1193 877 478 243 863 1001 411 455 415; 448 461 91 383 435 388 365 479 410 632 331 434 0 207 340 555 294 192 202 367 300 194 492 517 495 579 472 515 91 341 454 480 500 235 306 175 501 188 552 544 181 513 382 299 311 159 416 287 295 216 552 364 420 359 467 246 180 167 662 570 394 762 556 147 194 440 581 132 285 127; 620 578 297 537 318 449 479 643 277 624 141 570 207 0 460 563 344 268 390 185 121 376 287 399 641 703 319 375 264 181 467 433 671 161 125 198 322 236 448 604 378 649 248 96 353 357 211 454 264 84 442 243 499 465 663 429 361 199 621 695 558 709 668 92 362 442 575 159 206 332; 645 122 337 111 443 130 657 214 456 969 504 113 340 460 0 889 627 192 436 511 469 442 667 841 187 244 776 828 250 638 789 820 252 561 585 266 781 227 882 858 395 762 695 550 165 249 651 529 279 516 880 683 114 35 334 175 193 507 1002 236 617 1103 829 368 164 778 918 301 343 347; 492 1007 556 908 879 941 296 981 835 84 677 969 555 563 889 0 262 742 495 721 673 481 731 335 1019 1116 426 394 641 455 102 171 989 402 502 703 516 729 299 146 531 379 393 558 858 656 601 439 808 480 316 375 975 912 890 754 705 400 164 1106 443 262 313 609 729 121 44 650 763 557; 365 745 297 650 659 682 163 729 620 342 479 710 294 344 627 262 0 484 258 524 464 241 581 346 762 856 370 378 379 312 162 229 740 201 332 450 445 473 353 263 286 334 289 375 601 398 458 238 562 271 361 262 714 650 657 497 445 152 386 847 299 490 332 367 468 154 291 398 527 301; 602 310 236 279 316 200 552 387 312 817 320 304 192 268 192 742 484 0 359 334 284 357 488 656 376 434 586 639 128 448 641 652 420 382 393 75 589 38 700 736 324 689 508 358 119 204 461 454 143 328 697 497 241 197 450 215 165 344 838 426 557 936 740 177 145 625 766 111 180 263; 247 540 124 426 636 526 225 489 612 579 525 493 202 390 436 495 258 359 0 564 496 18 676 583 533 636 576 602 232 470 406 486 494 341 456 368 630 370 601 433 41 332 483 469 472 187 581 96 486 364 607 459 541 466 400 273 244 241 637 627 198 742 393 347 273 407 532 331 486 97; 801 612 458 610 179 451 664 719 130 773 45 624 367 185 511 721 524 334 564 0 68 552 156 490 698 734 384 446 392 278 631 572 753 328 222 264 340 297 546 779 547 834 351 163 361 493 183 635 241 253 535 359 509 503 779 540 478 383 752 727 740 828 852 220 468 604 726 262 170 493; 734 576 391 563 209 423 600 671 163 729 36 582 300 121 469 673 464 284 496 68 0 485 206 466 656 700 368 429 330 246 580 531 704 273 185 211 339 246 521 723 479 769 320 126 329 430 190 568 215 196 512 324 480 465 722 482 418 320 715 693 673 797 789 154 411 553 681 201 143 426; 254 548 121 436 628 529 216 502 604 565 513 502 194 376 442 481 241 357 18 552 485 0 662 565 544 646 558 584 230 454 391 469 508 324 440 363 613 367 583 423 50 332 466 454 472 193 566 96 482 349 589 442 545 471 416 283 250 224 622 637 202 727 389 337 279 391 518 324 479 98; 899 767 583 765 296 604 736 874 252 768 169 779 492 287 667 731 581 488 676 156 206 662 0 444 854 889 331 388 533 280 654 566 908 381 248 416 258 450 501 815 665 909 338 212 515 632 130 735 395 322 487 356 662 659 927 688 623 462 727 882 834 788 913 353 616 624 727 406 325 618; 706 962 571 899 668 846 494 996 619 345 454 945 517 399 841 335 346 656 583 490 466 565 444 0 1010 1085 112 61 605 222 301 170 1016 282 284 592 195 628 58 462 601 645 151 340 751 668 323 582 661 328 46 159 894 852 964 762 697 362 287 1076 642 344 608 482 710 272 315 545 596 592; 692 110 465 113 619 277 757 74 638 1101 691 75 495 641 187 1019 762 376 533 698 656 544 854 1010 0 111 953 1002 406 815 922 971 110 728 765 451 963 413 1047 966 493 828 868 733 345 364 837 614 464 690 1047 853 226 197 258 265 320 660 1145 103 682 1249 907 549 302 916 1052 482 530 462; 803 125 559 210 630 287 861 180 656 1197 734 146 579 703 244 1116 856 434 636 734 700 646 889 1085 111 0 1020 1072 488 881 1018 1058 206 805 828 506 1022 467 1126 1069 596 938 939 790 373 460 887 720 493 760 1124 927 228 238 362 364 411 745 1237 9 791 1339 1015 612 389 1009 1147 545 565 560; 734 896 540 844 564 767 530 946 514 448 351 884 472 319 776 426 370 586 576 384 368 558 331 112 953 1020 0 62 554 139 372 256 970 242 196 517 90 555 170 538 586 695 93 246 671 629 212 593 572 263 156 117 818 783 935 718 650 338 398 1012 668 457 670 409 659 341 413 475 504 566; 743 948 577 892 625 824 533 992 576 406 413 934 515 375 828 394 378 639 602 446 429 584 388 61 1002 1072 62 0 600 194 353 226 1015 280 253 572 135 609 115 517 616 690 134 306 727 670 272 610 631 313 100 151 874 836 972 761 695 370 347 1064 677 400 658 463 705 323 376 528 564 600; 475 371 109 294 421 309 429 393 406 720 365 343 91 264 250 641 379 128 232 392 330 230 533 605 406 488 554 600 0 420 540 571 416 323 377 148 576 141 642 620 197 562 466 360 243 100 475 326 259 293 641 450 336 271 400 166 98 258 752 479 429 853 615 181 105 528 668 130 273 136; 659 757 417 708 452 630 474 810 404 499 238 746 341 181 638 455 312 448 470 278 246 454 280 222 815 881 139 194 420 0 374 297 836 131 62 379 162 416 275 535 474 646 74 120 534 500 151 505 439 127 267 82 680 645 808 585 517 230 474 873 593 551 640 270 524 344 454 337 374 445; 441 907 458 811 785 840 229 887 741 180 586 871 454 467 789 102 162 641 406 631 580 391 654 301 922 1018 372 353 540 374 0 134 897 307 416 601 460 628 281 167 439 353 321 470 757 559 524 361 708 385 295 299 874 811 804 657 607 299 232 1008 383 337 308 509 630 31 130 549 664 461; 564 941 509 858 740 851 349 945 694 202 530 913 480 433 820 171 229 652 486 572 531 469 566 170 971 1058 256 226 571 297 134 0 960 278 351 600 346 632 147 292 513 486 229 410 761 611 437 462 692 350 161 215 892 837 884 710 651 313 189 1049 503 284 442 496 670 108 160 548 639 520; 621 213 451 144 695 366 713 41 708 1073 740 159 500 671 252 989 740 420 494 753 704 508 908 1016 110 206 970 1015 416 836 897 960 0 735 791 494 990 458 1049 922 458 764 882 766 417 350 876 565 530 709 1050 864 321 274 157 254 320 657 1125 200 619 1230 847 581 312 894 1025 515 590 440; 531 683 298 617 478 578 355 714 435 464 283 663 235 161 561 402 201 382 341 328 273 324 381 282 728 805 242 280 323 131 307 278 735 0 133 325 289 358 321 451 347 529 150 174 486 390 263 375 415 78 320 130 622 574 693 481 416 100 466 796 465 559 533 219 428 282 414 274 364 323; 661 703 388 659 393 571 488 764 345 551 180 695 306 125 585 502 332 393 456 222 185 440 248 284 765 828 196 253 377 62 416 351 791 133 0 322 200 361 337 572 454 662 135 60 475 463 130 501 378 93 329 139 623 590 772 543 475 223 532 819 595 611 664 216 479 387 505 283 312 419; 615 381 245 353 274 255 539 462 260 774 247 378 175 198 266 703 450 75 368 264 211 363 416 592 451 506 517 572 148 379 601 600 494 325 322 0 516 39 638 710 338 688 442 284 161 243 386 458 120 264 634 433 302 268 516 277 218 303 788 498 564 883 731 110 205 583 723 53 125 277; 805 897 578 858 518 757 607 963 469 536 315 892 501 322 781 516 445 589 630 340 339 613 258 195 963 1022 90 135 576 162 460 346 990 289 200 516 0 555 250 627 635 775 156 232 660 660 158 657 553 286 234 183 811 784 968 742 674 389 482 1014 738 533 755 414 679 429 502 481 481 607; 616 342 246 316 287 220 553 425 279 802 282 340 188 236 227 729 473 38 370 297 246 367 450 628 413 467 555 609 141 416 628 632 458 358 361 39 555 0 674 730 337 696 479 323 130 228 425 463 119 300 670 469 266 229 486 249 195 329 819 459 568 915 743 147 178 610 751 84 145 276; 705 1004 600 936 724 893 490 1030 675 298 509 984 552 448 882 299 353 700 601 546 521 583 501 58 1047 1126 170 115 642 275 281 147 1049 321 337 638 250 674 0 434 622 632 202 395 798 699 381 591 712 374 17 206 940 895 990 795 732 392 233 1117 642 287 588 529 746 255 274 590 648 618; 369 969 521 859 921 929 209 920 881 208 734 925 544 604 858 146 263 736 433 779 723 423 815 462 966 1069 538 517 620 535 167 292 922 451 572 710 627 730 434 0 473 240 486 623 855 612 686 357 824 527 450 464 954 885 807 705 667 416 304 1060 330 393 167 630 694 198 188 658 790 512; 278 500 94 386 609 487 266 452 588 615 510 453 181 378 395 531 286 324 41 547 479 50 665 601 493 596 586 616 197 474 439 513 458 347 454 338 635 337 622 473 0 371 493 462 435 146 577 135 455 362 627 470 501 425 371 233 203 248 670 587 233 774 434 328 233 438 567 305 459 62; 150 857 453 733 941 858 174 771 910 448 790 803 513 649 762 379 334 689 332 834 769 332 909 645 828 938 695 690 562 646 353 486 764 529 662 688 775 696 632 240 371 0 620 699 804 516 790 237 808 590 645 594 870 793 628 590 573 452 542 929 147 633 91 640 603 377 422 644 795 429; 650 816 448 759 526 695 451 859 478 431 312 801 382 248 695 393 289 508 483 351 320 466 338 151 868 939 93 134 466 74 321 229 882 150 135 442 156 479 202 486 493 620 0 194 600 538 208 504 510 180 195 26 744 704 843 628 562 245 401 931 583 477 604 332 572 290 389 397 446 473; 687 665 387 631 333 526 526 737 285 609 120 661 299 96 550 558 375 358 469 163 126 454 212 340 733 790 246 306 360 120 470 410 766 174 60 284 232 323 395 623 462 699 194 0 430 452 117 524 327 110 386 199 579 552 759 525 457 250 591 782 623 671 707 186 457 442 563 252 259 420; 710 252 351 274 278 97 671 378 293 932 361 271 311 353 165 858 601 119 472 361 329 472 515 751 345 373 671 727 243 534 757 761 417 486 475 161 660 130 798 855 435 804 600 430 0 302 518 568 120 424 793 593 151 147 486 278 251 459 949 366 669 1044 857 270 223 740 881 213 191 375; 410 357 102 252 514 344 409 334 503 738 465 314 159 357 249 656 398 204 187 493 430 193 632 668 364 460 629 670 100 500 559 611 350 390 463 243 660 228 699 612 146 516 538 452 302 0 569 281 346 374 701 519 355 279 308 99 57 308 782 451 374 886 580 279 87 552 688 231 369 100; 791 763 503 738 360 613 617 846 311 638 161 764 416 211 651 601 458 461 581 183 190 566 130 323 837 887 212 272 475 151 524 437 876 263 130 386 158 425 381 686 577 790 208 117 518 569 0 631 405 217 368 226 669 650 874 639 571 353 602 880 725 667 789 297 570 494 597 361 332 536; 166 630 218 512 721 622 149 565 694 523 594 580 287 454 529 439 238 454 96 635 568 96 735 582 614 720 593 610 326 505 361 462 565 375 501 458 657 463 591 357 135 237 504 524 568 281 631 0 577 415 599 478 636 559 453 362 338 278 592 711 107 696 300 425 368 369 480 418 572 192; 733 372 362 385 175 210 658 492 179 876 245 389 295 264 279 808 562 143 486 241 215 482 395 661 464 493 572 631 259 439 708 692 530 415 378 120 553 119 712 824 455 808 510 327 120 346 405 577 0 344 705 506 268 266 582 354 308 411 881 486 683 972 850 199 287 687 825 167 73 393; 577 636 295 582 400 519 417 684 357 540 207 622 216 84 516 480 271 328 364 253 196 349 322 328 690 760 263 313 293 127 385 350 709 78 93 264 286 300 374 527 362 590 180 110 424 374 217 415 344 0 370 169 566 525 682 458 390 140 538 751 512 628 601 155 397 359 491 217 289 326; 716 1002 602 935 714 888 501 1031 665 315 499 982 552 442 880 316 361 697 607 535 512 589 487 46 1047 1124 156 100 641 267 295 161 1050 320 329 634 234 670 17 450 627 645 195 386 793 701 368 599 705 370 0 201 936 892 993 796 732 393 249 1115 652 301 602 524 746 268 291 586 641 621; 623 804 427 743 532 688 425 842 484 417 318 787 364 243 683 375 262 497 459 359 324 442 356 159 853 927 117 151 450 82 299 215 864 130 139 433 183 469 206 464 470 594 26 199 593 519 226 478 506 169 201 0 735 693 822 611 544 222 393 918 556 473 579 324 555 269 373 386 445 451; 757 118 434 201 403 58 758 280 428 1052 512 162 420 499 114 975 714 241 541 509 480 545 662 894 226 228 818 874 336 680 874 892 321 622 623 302 811 266 940 954 501 870 744 579 151 355 669 636 268 566 936 735 0 79 431 288 297 582 1077 222 727 1176 934 412 268 860 1001 349 340 448; 678 113 363 138 424 98 685 234 440 991 499 123 359 465 35 912 650 197 466 503 465 471 659 852 197 238 783 836 271 645 811 837 274 574 590 268 784 229 895 885 425 793 704 552 147 279 650 559 266 525 892 693 79 0 365 209 222 525 1021 230 649 1121 859 374 193 799 939 308 334 375; 481 344 395 230 757 463 601 184 759 974 758 281 467 663 334 890 657 450 400 779 722 416 927 964 258 362 935 972 400 808 804 884 157 693 772 516 968 486 990 807 371 628 843 759 486 308 874 453 582 682 993 822 431 365 0 240 305 603 1036 356 488 1141 714 580 312 806 929 521 630 373; 470 268 201 155 529 292 499 236 527 836 518 220 246 429 175 754 497 215 273 540 482 283 688 762 265 364 718 761 166 585 657 710 254 481 543 277 742 249 795 705 233 590 628 525 278 99 639 362 354 458 796 611 288 209 240 0 68 404 881 355 444 985 661 342 72 651 787 282 394 197; 465 303 149 207 481 287 464 299 474 786 454 265 180 361 193 705 445 165 244 478 418 250 623 697 320 411 650 695 98 517 607 651 320 416 475 218 674 195 732 667 203 573 562 457 251 57 571 338 308 390 732 544 297 222 305 68 0 342 827 402 431 930 637 275 30 598 736 217 340 154; 439 628 209 548 508 544 281 639 471 473 339 600 167 199 507 400 152 344 241 383 320 224 462 362 660 745 338 370 258 230 299 313 657 100 223 303 389 329 392 416 248 452 245 250 459 308 353 278 411 140 393 222 582 525 603 404 342 0 496 736 373 596 469 215 359 281 422 250 375 231; 655 1122 680 1033 924 1038 454 1114 876 101 711 1091 662 621 1002 164 386 838 637 752 715 622 727 287 1145 1237 398 347 752 474 232 189 1125 466 532 788 482 819 233 304 670 542 401 591 949 782 602 592 881 538 249 393 1077 1021 1036 881 827 496 0 1228 604 105 471 685 848 232 120 736 827 687; 794 117 550 201 624 281 852 173 650 1188 726 137 570 695 236 1106 847 426 627 727 693 637 882 1076 103 9 1012 1064 479 873 1008 1049 200 796 819 498 1014 459 1117 1060 587 929 931 782 366 451 880 711 486 751 1115 918 222 230 356 355 402 736 1228 0 782 1330 1006 603 380 1000 1138 537 558 551; 67 710 322 586 828 718 155 625 801 523 698 656 394 558 617 443 299 557 198 740 673 202 834 642 682 791 668 677 429 593 383 503 619 465 595 564 738 568 642 330 233 147 583 623 669 374 725 107 683 512 652 556 727 649 488 444 431 373 604 782 0 704 227 532 461 399 486 525 679 294; 753 1224 784 1136 1003 1135 556 1219 955 185 789 1193 762 709 1103 262 490 936 742 828 797 727 788 344 1249 1339 457 400 853 551 337 284 1230 559 611 883 533 915 287 393 774 633 477 671 1044 886 667 696 972 628 301 473 1176 1121 1141 985 930 596 105 1330 704 0 557 778 950 336 219 832 914 791; 240 929 507 808 972 918 193 852 937 374 807 877 556 668 829 313 332 740 393 852 789 389 913 608 907 1015 670 658 615 640 308 442 847 533 664 731 755 743 588 167 434 91 604 707 857 580 789 300 850 601 602 579 934 859 714 661 637 469 471 1006 227 557 0 671 667 336 355 683 830 487; 590 487 237 445 301 364 479 552 270 677 187 478 147 92 368 609 367 177 347 220 154 337 353 482 549 612 409 463 181 270 509 496 581 219 216 110 414 147 529 630 328 640 332 186 270 279 297 425 199 155 524 324 412 374 580 342 275 215 685 603 532 778 671 0 273 488 626 67 161 273; 495 278 174 190 461 257 493 287 456 810 447 243 194 362 164 729 468 145 273 468 411 279 616 710 302 389 659 705 105 524 630 670 312 428 479 205 679 178 746 694 233 603 572 457 223 87 570 368 287 397 746 555 268 193 312 72 30 359 848 380 461 950 667 273 0 621 759 211 324 182; 458 897 451 804 759 825 245 883 716 192 559 863 440 442 778 121 154 625 407 604 553 391 624 272 916 1009 341 323 528 344 31 108 894 282 387 583 429 610 255 198 438 377 290 442 740 552 494 369 687 359 268 269 860 799 806 651 598 281 232 1000 399 336 336 488 621 0 141 530 642 456; 536 1037 588 940 889 966 338 1016 844 51 682 1001 581 575 918 44 291 766 532 726 681 518 727 315 1052 1147 413 376 668 454 130 160 1025 414 505 723 502 751 274 188 567 422 389 563 881 688 597 480 825 491 291 373 1001 939 929 787 736 422 120 1138 486 219 355 626 759 141 0 670 777 590; 579 420 211 379 304 304 491 486 283 721 237 411 132 159 301 650 398 111 331 262 201 324 406 545 482 545 475 528 130 337 549 548 515 274 283 53 481 84 590 658 305 644 397 252 213 231 361 418 167 217 586 386 349 308 521 282 217 250 736 537 525 832 683 67 211 530 670 0 154 246; 733 442 365 446 150 283 637 554 134 827 172 455 285 206 343 763 527 180 486 170 143 479 325 596 530 565 504 564 273 374 664 639 590 364 312 125 481 145 648 790 459 795 446 259 191 369 332 572 73 289 641 445 340 334 630 394 340 375 827 558 679 914 830 161 324 642 777 154 0 399; 340 457 36 351 549 431 310 428 529 639 458 415 127 332 347 557 301 263 97 493 426 98 618 592 462 560 566 600 136 445 461 520 440 323 419 277 607 276 618 512 62 429 473 420 375 100 536 192 393 326 621 451 448 375 373 197 154 231 687 551 294 791 487 273 182 456 590 246 399 0]
th = [1, 3, 7, 8, 6, 2, 5, 4, 0, 4, 6, 4, 2, 10, 9, 8, 3, 3, 1, 9, 3, 8, 4, 8, 6, 8, 7, 4, 6, 4, 5, 9, 1, 0, 6, 8, 6, 9, 4, 1, 7, 7, 1, 5, 7, 9, 7, 6, 2, 4, 8, 6, 2, 4, 9, 7, 6, 6, 5, 1, 9, 4, 6, 9, 5, 10, 5, 0, 5, 1]
T = 9
d = [0, 8, 7, 10, 9, 8, 1, 3, 5, 2, 7, 9, 10, 4, 8, 0, 4, 5, 9, 4, 10, 6, 3, 4, 10, 5, 3, 5, 3, 6, 4, 4, 3, 9, 7, 6, 5, 2, 7, 3, 8, 6, 9, 8, 9, 0, 3, 1, 8, 7, 7, 0, 8, 10, 1, 2, 8, 1, 9, 8, 8, 0, 3, 7, 10, 2, 10, 1, 8, 0]
C = 110
