n = 75
t = [0 276 841 601 1038 677 848 347 141 464 541 440 682 480 758 154 484 268 835 608 117 230 751 499 258 630 477 220 272 166 759 660 444 203 284 743 536 328 564 585 832 650 770 662 367 647 744 622 902 765 482 437 490 389 398 254 508 672 769 461 689 560 686 547 602 788 237 325 692 143 51 568 611 345 590; 276 0 712 380 763 501 659 307 407 192 450 414 433 358 499 305 464 402 669 391 365 65 474 411 127 355 290 429 297 275 573 603 406 174 136 528 296 310 412 344 623 542 497 445 471 447 531 476 627 624 390 415 322 208 246 80 423 397 537 244 413 352 416 414 536 560 382 388 433 134 229 420 366 123 475; 841 712 0 960 921 1119 209 1019 969 621 301 422 922 366 512 714 1174 663 124 973 957 768 737 342 620 638 425 775 577 685 213 1300 411 647 597 318 482 1022 300 894 283 191 817 1011 604 1044 1079 236 713 90 358 1126 986 504 470 655 1120 753 375 882 677 964 813 302 265 361 685 568 518 764 800 1082 463 590 1152; 601 380 960 0 548 161 831 345 690 346 767 770 120 670 537 677 394 780 876 14 638 388 346 737 501 348 563 795 676 651 767 414 759 554 502 679 478 371 685 67 766 832 299 65 850 84 151 741 521 871 716 377 147 522 568 457 285 265 651 141 347 50 221 704 858 676 759 766 489 480 567 175 503 445 251; 1038 763 921 548 0 642 719 879 1161 589 901 980 428 829 424 1047 942 1112 799 552 1114 810 291 895 828 426 721 1173 977 1011 713 935 962 901 811 611 599 903 781 514 640 898 273 531 1142 583 518 801 209 855 882 924 691 754 786 805 832 367 549 635 361 596 363 817 974 560 1104 1054 450 896 992 715 549 733 783; 677 501 1119 161 642 0 991 359 740 501 917 908 244 819 694 777 338 889 1037 147 688 492 489 884 627 507 716 886 798 757 927 293 898 671 633 840 637 385 840 227 926 986 428 127 967 79 129 897 654 1029 863 342 189 668 713 581 231 416 811 260 501 159 364 857 1007 835 864 888 647 577 652 118 664 585 154; 848 659 209 831 719 991 0 955 987 520 365 497 773 379 328 749 1101 731 85 844 964 722 562 394 599 488 377 837 616 714 89 1206 480 646 572 152 378 963 290 764 79 284 644 874 697 913 933 244 513 173 401 1057 884 467 450 622 1031 596 191 778 513 844 656 316 381 170 745 637 352 743 801 974 331 538 1049; 347 307 1019 345 879 359 955 0 385 444 752 695 459 662 743 478 160 598 972 346 333 255 629 711 413 561 596 566 546 470 873 321 692 421 432 816 580 27 719 365 911 847 611 390 690 355 457 782 807 931 690 109 200 515 552 370 162 538 814 247 596 295 521 720 834 838 568 626 679 297 338 242 640 429 247; 141 407 969 690 1161 740 987 385 0 598 668 557 784 614 896 258 489 347 970 696 53 352 877 627 399 762 617 258 392 284 897 666 564 342 425 884 676 361 700 685 972 778 889 748 443 724 825 756 1034 896 611 450 563 529 537 393 542 794 909 557 819 645 802 681 721 929 317 426 831 275 191 625 751 485 630; 464 192 621 346 589 501 520 444 598 0 424 446 342 328 311 458 583 528 551 360 557 254 299 397 239 167 217 583 398 422 444 687 432 311 224 375 143 457 339 285 470 486 340 404 571 429 482 396 438 531 378 541 367 193 237 217 511 237 369 262 230 344 276 358 515 394 517 482 244 323 414 461 196 145 533; 541 450 301 767 901 917 365 752 668 424 0 132 764 98 483 413 911 372 321 781 658 497 647 43 340 515 209 483 277 385 287 1054 117 353 320 338 323 750 120 709 388 109 716 827 332 849 906 127 699 233 62 861 757 251 207 381 872 626 395 661 574 758 679 83 90 401 390 277 451 476 502 857 354 338 919; 440 414 422 770 980 908 497 695 557 446 132 0 787 154 578 298 854 242 453 782 552 446 709 105 289 570 259 354 168 275 416 1009 19 275 278 456 383 689 228 718 515 234 769 833 201 846 916 255 786 362 106 804 734 254 210 335 831 672 509 648 634 752 719 192 165 517 262 146 534 403 407 834 432 325 888; 682 433 922 120 428 244 773 459 784 342 764 787 0 668 460 738 514 832 828 125 733 457 245 738 541 287 555 860 715 708 719 524 773 603 536 623 451 484 668 99 703 814 185 118 892 170 160 717 411 835 719 496 264 533 578 502 404 180 586 228 265 168 123 692 853 610 814 805 422 551 643 291 459 468 364; 480 358 366 670 829 819 379 662 614 328 98 154 668 0 424 370 820 358 356 683 597 408 565 71 255 429 116 460 238 336 292 959 135 282 232 311 237 662 90 612 382 185 630 730 344 751 809 142 633 285 54 771 660 154 111 293 778 537 360 563 490 660 588 67 188 371 369 269 382 398 437 760 281 242 823; 758 499 512 537 424 694 328 743 896 311 483 578 460 424 0 715 868 750 398 550 859 563 235 483 506 193 331 833 614 677 299 940 559 575 482 194 227 759 363 472 252 474 317 570 760 615 619 378 217 438 474 830 622 393 411 503 779 281 139 522 195 561 338 401 552 158 750 676 67 622 707 699 156 413 777; 154 305 714 677 1047 777 749 478 258 458 413 298 738 370 715 0 627 120 724 686 258 289 757 373 220 623 400 126 137 38 661 798 306 147 239 664 488 464 459 646 745 523 791 741 215 735 826 511 887 644 359 578 588 323 315 244 636 689 699 536 687 642 716 436 463 716 90 172 655 200 142 677 561 316 711; 484 464 1174 394 942 338 1101 160 489 583 911 854 514 820 868 627 0 746 1123 390 443 414 723 870 573 678 750 703 703 622 1021 178 851 580 591 958 724 166 875 437 1053 1005 688 417 841 369 461 938 902 1086 849 50 258 672 710 530 112 633 951 347 702 348 603 877 993 975 716 781 806 454 485 233 779 585 187; 268 402 663 780 1112 889 731 598 347 528 372 242 832 358 750 120 746 0 693 791 359 397 824 338 294 686 421 112 137 133 646 918 256 229 305 668 528 584 447 745 740 476 867 845 99 843 931 487 939 604 331 697 701 362 339 330 754 765 712 642 752 749 798 416 401 726 32 96 695 314 261 792 595 382 829; 835 669 124 876 799 1037 85 972 970 551 321 453 828 356 398 724 1123 693 0 890 952 730 629 356 595 541 380 802 588 691 110 1237 438 634 569 208 407 978 271 810 160 225 710 923 649 960 987 214 592 99 366 1077 917 468 443 623 1060 654 259 812 574 885 714 289 320 243 710 598 413 741 790 1011 373 546 1084; 608 391 973 14 552 147 844 346 696 360 781 782 125 683 550 686 390 791 890 0 644 397 356 750 512 361 576 804 687 661 780 405 771 565 514 692 492 372 699 80 779 845 306 55 861 70 140 754 530 884 730 374 147 535 581 468 279 276 664 150 359 52 230 717 871 689 769 778 501 489 575 167 517 457 242; 117 365 957 638 1114 688 964 333 53 557 658 552 733 597 859 258 443 359 952 644 0 307 831 616 370 719 591 282 385 277 875 620 558 319 396 856 642 309 681 634 946 767 841 695 457 671 772 739 991 882 599 401 510 502 514 359 491 747 878 505 775 592 754 664 716 899 327 429 793 237 163 572 717 451 579; 230 65 768 388 810 492 722 255 352 254 497 446 457 408 563 289 414 397 730 397 307 0 525 457 159 412 350 407 311 265 635 563 441 182 177 592 361 255 469 362 687 593 540 452 476 447 537 532 684 681 435 364 305 265 299 116 385 443 602 247 467 353 456 467 580 625 374 399 496 94 187 400 431 184 447; 751 474 737 346 291 489 562 629 877 299 647 709 245 565 235 757 723 824 629 356 831 525 0 634 537 140 450 882 691 720 524 761 692 610 522 421 327 651 533 289 487 668 82 362 860 413 397 567 179 657 619 695 465 471 507 515 620 91 372 384 75 383 126 566 729 393 815 770 219 608 703 520 296 443 597; 499 411 342 737 895 884 394 711 627 397 43 105 738 71 483 373 870 338 356 750 616 457 634 0 298 499 187 447 236 343 312 1015 87 310 279 352 307 709 125 680 410 151 700 798 306 817 878 151 696 272 22 820 722 217 171 341 834 607 406 627 560 726 659 88 125 414 354 243 445 434 460 821 346 302 882; 258 127 620 501 828 627 599 413 399 239 340 289 541 255 506 220 573 294 595 512 370 159 537 298 0 403 222 345 175 183 510 722 283 73 26 486 280 411 325 458 577 439 575 566 352 571 651 388 669 536 277 522 448 132 152 47 543 473 510 369 468 476 504 318 421 530 280 266 442 146 208 547 355 97 600; 630 355 638 348 426 507 488 561 762 167 515 570 287 429 193 623 678 686 541 361 719 412 140 499 403 0 313 748 552 586 432 747 553 476 386 337 192 578 406 282 420 546 201 387 720 429 446 446 272 553 482 642 430 330 367 385 587 116 304 331 66 369 175 435 600 328 678 630 140 488 581 506 177 307 584; 477 290 425 563 721 716 377 596 617 217 209 259 555 116 331 400 750 421 380 576 591 350 450 187 222 313 0 509 286 362 288 877 242 276 196 267 124 600 128 502 355 271 514 621 429 645 699 189 531 336 170 703 567 91 85 245 696 421 299 466 376 557 472 142 299 316 423 345 280 367 429 665 178 167 733; 220 429 775 795 1173 886 837 566 258 583 483 354 860 460 833 126 703 112 802 804 282 407 882 447 345 748 509 0 226 162 751 879 367 272 362 766 606 548 550 768 842 588 917 859 194 849 943 594 1010 715 438 657 698 440 425 370 728 815 806 653 812 758 841 521 513 821 93 207 774 315 235 782 677 440 808; 272 297 577 676 977 798 616 546 392 398 277 168 715 238 614 137 703 137 588 687 385 311 691 236 175 552 286 226 0 109 529 865 173 129 180 540 391 537 327 634 617 386 737 741 177 745 826 376 802 508 223 652 614 226 203 219 692 635 581 542 618 649 671 301 331 596 137 91 558 249 241 711 459 253 757; 166 275 685 651 1011 757 714 470 284 422 385 275 708 336 677 38 622 133 691 661 277 265 720 343 183 586 362 162 109 0 626 791 281 111 201 627 450 458 425 618 709 494 757 716 220 712 801 478 850 614 329 572 569 285 278 210 624 654 661 511 651 618 682 402 439 678 109 162 616 182 142 660 522 279 697; 759 573 213 767 713 927 89 873 897 444 287 416 719 292 299 661 1021 646 110 780 875 635 524 312 510 432 288 751 529 626 0 1131 399 557 484 105 301 880 202 700 104 221 605 814 617 850 878 161 504 142 316 976 810 379 361 534 954 546 164 705 467 776 606 230 317 154 659 554 307 655 712 903 264 452 976; 660 603 1300 414 935 293 1206 321 666 687 1054 1009 524 959 940 798 178 918 1237 405 620 563 761 1015 722 747 877 879 865 791 1131 0 1004 739 737 1057 831 334 1004 474 1150 1142 709 409 1011 356 420 1066 934 1211 993 223 323 807 848 677 181 678 1040 428 757 381 635 1011 1139 1066 888 947 885 617 657 242 876 718 164; 444 406 411 759 962 898 480 692 564 432 117 19 773 135 559 306 851 256 438 771 558 441 692 87 283 553 242 367 173 281 399 1004 0 274 270 437 365 687 210 706 497 221 753 822 219 836 904 238 768 349 88 800 726 240 195 329 825 656 490 638 617 742 704 174 158 499 275 160 516 402 410 826 414 314 881; 203 174 647 554 901 671 646 421 342 311 353 275 603 282 575 147 580 229 634 565 319 182 610 310 73 476 276 272 129 111 557 739 274 0 93 543 348 414 363 517 631 459 646 619 297 620 705 422 741 567 291 529 486 190 196 102 564 544 572 417 541 525 573 348 425 591 212 217 513 128 156 582 423 170 628; 284 136 597 502 811 633 572 432 425 224 320 278 536 232 482 239 591 305 569 514 396 177 522 279 26 386 196 362 180 201 484 737 270 93 0 460 256 431 301 456 550 418 562 566 356 574 651 363 649 512 258 541 457 106 127 61 557 460 484 373 451 479 493 294 403 504 294 269 419 172 235 556 330 79 611; 743 528 318 679 611 840 152 816 884 375 338 456 623 311 194 664 958 668 208 692 856 592 421 352 486 337 267 766 540 627 105 1057 437 543 460 0 236 826 228 612 96 300 502 722 654 762 783 215 401 245 350 915 735 355 350 502 884 447 63 629 366 693 507 264 389 63 676 581 205 626 694 823 181 413 899; 536 296 482 478 599 637 378 580 676 143 323 383 451 237 227 488 724 528 407 492 642 361 327 307 280 192 124 606 391 450 301 831 365 348 256 236 0 589 218 413 332 363 393 531 547 562 603 266 413 393 291 679 510 167 191 283 654 303 242 405 253 482 358 245 409 265 526 460 168 406 485 604 75 191 676; 328 310 1022 371 903 385 963 27 361 457 750 689 484 662 759 464 166 584 978 372 309 255 651 709 411 578 600 548 537 458 880 334 687 414 431 826 589 0 722 390 921 848 634 417 677 382 484 785 828 934 688 115 226 518 553 370 183 559 826 269 615 321 544 722 831 850 554 615 694 288 323 268 652 433 270; 564 412 300 685 781 840 290 719 700 339 120 228 668 90 363 459 875 447 271 699 681 469 533 125 325 406 128 550 327 425 202 1004 210 363 301 228 218 722 0 623 293 146 605 742 427 768 817 63 579 213 123 827 694 204 174 357 823 520 281 593 462 682 575 38 196 289 458 356 332 471 519 793 238 290 860; 585 344 894 67 514 227 764 365 685 285 709 718 99 612 472 646 437 745 810 80 634 362 289 680 458 282 502 768 634 618 700 474 706 517 456 612 413 390 623 0 699 770 252 119 810 150 198 677 467 806 660 413 180 468 514 417 332 204 584 129 284 94 167 643 799 609 726 724 422 456 547 232 437 394 310; 832 623 283 766 640 926 79 911 972 470 388 515 703 382 252 745 1053 740 160 779 946 687 487 410 577 420 355 842 617 709 104 1150 497 631 550 96 332 921 293 699 0 324 568 806 716 848 863 261 434 232 412 1010 828 445 435 594 978 524 117 722 441 782 584 325 420 94 750 649 281 718 784 915 275 507 991; 650 542 191 832 898 986 284 847 778 486 109 234 814 185 474 523 1005 476 225 845 767 593 668 151 439 546 271 588 386 494 221 1142 221 459 418 300 363 848 146 770 324 0 742 888 426 915 964 101 691 130 168 956 837 335 296 478 960 661 362 736 598 828 718 131 97 361 496 380 456 580 611 936 372 423 1001; 770 497 817 299 273 428 644 611 889 340 716 769 185 630 317 791 688 867 710 306 841 540 82 700 575 201 514 917 737 757 605 709 753 646 562 502 393 634 605 252 568 742 0 302 910 355 326 642 227 736 684 665 431 524 563 547 581 103 454 364 144 341 90 636 800 475 856 820 299 629 725 473 370 485 548; 662 445 1011 65 531 127 874 390 748 404 827 833 118 730 570 741 417 845 923 55 695 452 362 798 566 387 621 859 741 716 814 409 822 619 566 722 531 417 742 119 806 888 302 0 916 54 85 795 529 922 777 407 191 584 630 522 305 290 690 205 376 103 238 762 918 715 824 831 526 544 630 186 550 508 253; 367 471 604 850 1142 967 697 690 443 571 332 201 892 344 760 215 841 99 649 861 457 476 860 306 352 720 429 194 177 220 617 1011 219 297 356 654 547 677 427 810 716 426 910 916 0 918 1001 456 959 555 304 791 781 389 357 394 844 808 704 715 785 822 847 392 340 714 131 89 710 400 357 875 608 429 916; 647 447 1044 84 583 79 913 355 724 429 849 846 170 751 615 735 369 843 960 70 671 447 413 817 571 429 645 849 745 712 850 356 836 620 574 762 562 382 768 150 848 915 355 54 918 0 102 824 581 954 797 362 161 602 648 526 257 338 732 203 423 95 288 786 939 757 820 835 569 536 618 136 587 522 200; 744 531 1079 151 518 129 933 457 825 482 906 916 160 809 619 826 461 931 987 140 772 537 397 878 651 446 699 943 826 801 878 420 904 705 651 783 603 484 817 198 863 964 326 85 1001 102 0 869 549 991 858 459 263 666 712 607 350 339 746 290 424 185 281 839 997 770 909 916 582 628 713 230 616 592 281; 622 476 236 741 801 897 244 782 756 396 127 255 717 142 378 511 938 487 214 754 739 532 567 151 388 446 189 594 376 478 161 1066 238 422 363 215 266 785 63 677 261 101 642 795 456 824 869 0 595 149 157 890 755 268 236 421 885 562 275 652 498 740 619 75 176 277 502 394 356 533 578 853 272 353 921; 902 627 713 521 209 654 513 807 1034 438 699 786 411 633 217 887 902 939 592 530 991 684 179 696 669 272 531 1010 802 850 504 934 768 741 649 401 413 828 579 467 434 691 227 529 959 581 549 595 0 646 685 874 644 577 604 654 799 270 340 562 218 560 301 616 769 352 935 873 252 760 853 696 354 572 772; 765 624 90 871 855 1029 173 931 896 531 233 362 835 285 438 644 1086 604 99 884 882 681 657 272 536 553 336 715 508 614 142 1211 349 567 512 245 393 934 213 806 232 130 736 922 555 954 991 149 646 0 285 1038 896 417 385 570 1030 668 306 792 595 874 728 219 221 296 623 509 438 681 722 992 376 502 1062; 482 390 358 716 882 863 401 690 611 378 62 106 719 54 474 359 849 331 366 730 599 435 619 22 277 482 170 438 223 329 316 993 88 291 258 350 291 688 123 660 412 168 684 777 304 797 858 157 685 285 0 799 700 195 150 320 812 590 402 606 544 705 641 87 146 411 345 237 434 414 442 800 333 281 861; 437 415 1126 377 924 342 1057 109 450 541 861 804 496 771 830 578 50 697 1077 374 401 364 695 820 522 642 703 657 652 572 976 223 800 529 541 915 679 115 827 413 1010 956 665 407 791 362 459 890 874 1038 799 0 234 623 661 480 111 604 909 314 670 328 578 828 943 934 667 731 768 403 436 229 737 537 199; 490 322 986 147 691 189 884 200 563 367 757 734 264 660 622 588 258 701 917 147 510 305 465 722 448 430 567 698 614 569 810 323 726 486 457 735 510 226 694 180 828 837 431 191 781 161 263 755 644 896 700 234 0 506 551 401 158 376 718 106 448 97 345 706 846 743 676 704 565 388 464 100 554 420 167; 389 208 504 522 754 668 467 515 529 193 251 254 533 154 393 323 672 362 468 535 502 265 471 217 132 330 91 440 226 285 379 807 240 190 106 355 167 518 204 468 445 335 524 584 389 602 666 268 577 417 195 623 506 0 46 156 625 424 382 410 396 510 468 206 340 401 359 300 334 276 339 606 238 88 669; 398 246 470 568 786 713 450 552 537 237 207 210 578 111 411 315 710 339 443 581 514 299 507 171 152 367 85 425 203 278 361 848 195 196 127 350 191 553 174 514 435 296 563 630 357 648 712 236 604 385 150 661 551 46 0 185 667 464 384 456 432 556 510 169 295 401 340 269 356 298 351 651 256 131 712; 254 80 655 457 805 581 622 370 393 217 381 335 502 293 503 244 530 330 623 468 359 116 515 341 47 385 245 370 219 210 534 677 329 102 61 502 283 370 357 417 594 478 547 522 394 526 607 421 654 570 320 480 401 156 185 0 497 445 520 323 447 431 472 353 464 542 314 309 438 124 204 500 358 92 553; 508 423 1120 285 832 231 1031 162 542 511 872 831 404 778 779 636 112 754 1060 279 491 385 620 834 543 587 696 728 692 624 954 181 825 564 557 884 654 183 823 332 978 960 581 305 844 257 350 885 799 1030 812 111 158 625 667 497 0 532 871 258 605 240 498 830 959 896 726 776 720 446 497 121 703 537 90; 672 397 753 265 367 416 596 538 794 237 626 672 180 537 281 689 633 765 654 276 747 443 91 607 473 116 421 815 635 654 546 678 656 544 460 447 303 559 520 204 524 661 103 290 808 338 339 562 270 668 590 604 376 424 464 445 532 0 407 292 86 297 60 549 713 431 753 719 243 530 625 436 293 382 514; 769 537 375 651 549 811 191 814 909 369 395 509 586 360 139 699 951 712 259 664 878 602 372 406 510 304 299 806 581 661 164 1040 490 572 484 63 242 826 281 584 117 362 454 690 704 732 746 275 340 306 402 909 718 382 384 520 871 407 0 614 324 669 467 318 450 25 718 628 165 645 719 803 174 429 880; 461 244 882 141 635 260 778 247 557 262 661 648 228 563 522 536 347 642 812 150 505 247 384 627 369 331 466 653 542 511 705 428 638 417 373 629 405 269 593 129 722 736 364 205 715 203 290 652 562 792 606 314 106 410 456 323 258 292 614 0 356 108 274 606 751 639 620 632 462 339 426 200 448 326 272; 689 413 677 347 361 501 513 596 819 230 574 634 265 490 195 687 702 752 574 359 775 467 75 560 468 66 376 812 618 651 467 757 617 541 451 366 253 615 462 284 441 598 144 376 785 423 424 498 218 595 544 670 448 396 432 447 605 86 324 356 0 376 144 493 657 347 743 696 162 547 641 515 226 372 593; 560 352 964 50 596 159 844 295 645 344 758 752 168 660 561 642 348 749 885 52 592 353 383 726 476 369 557 758 649 618 776 381 742 525 479 693 482 321 682 94 782 828 341 103 822 95 185 740 560 874 705 328 97 510 556 431 240 297 669 108 376 0 259 699 848 694 727 740 509 444 528 139 514 428 217; 686 416 813 221 363 364 656 521 802 276 679 719 123 588 338 716 603 798 714 230 754 456 126 659 504 175 472 841 671 682 606 635 704 573 493 507 358 544 575 167 584 718 90 238 847 288 281 619 301 728 641 578 345 468 510 472 498 60 467 274 144 259 0 603 766 490 784 757 303 546 642 395 352 418 472; 547 414 302 704 817 857 316 720 681 358 83 192 692 67 401 436 877 416 289 717 664 467 566 88 318 435 142 521 301 402 230 1011 174 348 294 264 245 722 38 643 325 131 636 762 392 786 839 75 616 219 87 828 706 206 169 353 830 549 318 606 493 699 603 0 164 326 429 324 367 462 504 805 272 293 871; 602 536 265 858 974 1007 381 834 721 515 90 165 853 188 552 463 993 401 320 871 716 580 729 125 421 600 299 513 331 439 317 1139 158 425 403 389 409 831 196 799 420 97 800 918 340 939 997 176 769 221 146 943 846 340 295 464 959 713 450 751 657 848 766 164 0 451 424 307 526 551 567 946 434 427 1007; 788 560 361 676 560 835 170 838 929 394 401 517 610 371 158 716 975 726 243 689 899 625 393 414 530 328 316 821 596 678 154 1066 499 591 504 63 265 850 289 609 94 361 475 715 714 757 770 277 352 296 411 934 743 401 401 542 896 431 25 639 347 694 490 326 451 0 732 640 189 666 739 828 198 451 905; 237 382 685 759 1104 864 745 568 317 517 390 262 814 369 750 90 716 32 710 769 327 374 815 354 280 678 423 93 137 109 659 888 275 212 294 676 526 554 458 726 750 496 856 824 131 820 909 502 935 623 345 667 676 359 340 314 726 753 718 620 743 727 784 429 424 732 0 117 693 288 231 766 595 372 801; 325 388 568 766 1054 888 637 626 426 482 277 146 805 269 676 172 781 96 598 778 429 399 770 243 266 630 345 207 91 162 554 947 160 217 269 581 460 615 356 724 649 380 820 831 89 835 916 394 873 509 237 731 704 300 269 309 776 719 628 632 696 740 757 324 307 640 117 0 624 330 304 799 523 340 844; 692 433 518 489 450 647 352 679 831 244 451 534 422 382 67 655 806 695 413 501 793 496 219 445 442 140 280 774 558 616 307 885 516 513 419 205 168 694 332 422 281 456 299 526 710 569 582 356 252 438 434 768 565 334 356 438 720 243 165 462 162 509 303 367 526 189 693 624 0 556 642 645 102 348 722; 143 134 764 480 896 577 743 297 275 323 476 403 551 398 622 200 454 314 741 489 237 94 608 434 146 488 367 315 249 182 655 617 402 128 172 626 406 288 471 456 718 580 629 544 400 536 628 533 760 681 414 403 388 276 298 124 446 530 645 339 547 444 546 462 551 666 288 330 556 0 96 478 480 215 516; 51 229 800 567 992 652 801 338 191 414 502 407 643 437 707 142 485 261 790 575 163 187 703 460 208 581 429 235 241 142 712 657 410 156 235 694 485 323 519 547 784 611 725 630 357 618 713 578 853 722 442 436 464 339 351 204 497 625 719 426 641 528 642 504 567 739 231 304 642 96 0 547 560 295 575; 568 420 1082 175 715 118 974 242 625 461 857 834 291 760 699 677 233 792 1011 167 572 400 520 821 547 506 665 782 711 660 903 242 826 582 556 823 604 268 793 232 915 936 473 186 875 136 230 853 696 992 800 229 100 606 651 500 121 436 803 200 515 139 395 805 946 828 766 799 645 478 547 0 643 520 78; 611 366 463 503 549 664 331 640 751 196 354 432 459 281 156 561 779 595 373 517 717 431 296 346 355 177 178 677 459 522 264 876 414 423 330 181 75 652 238 437 275 372 370 550 608 587 616 272 354 376 333 737 554 238 256 358 703 293 174 448 226 514 352 272 434 198 595 523 102 480 560 643 0 266 718; 345 123 590 445 733 585 538 429 485 145 338 325 468 242 413 316 585 382 546 457 451 184 443 302 97 307 167 440 253 279 452 718 314 170 79 413 191 433 290 394 507 423 485 508 429 522 592 353 572 502 281 537 420 88 131 92 537 382 429 326 372 428 418 293 427 451 372 340 348 215 295 520 266 0 581; 590 475 1152 251 783 154 1049 247 630 533 919 888 364 823 777 711 187 829 1084 242 579 447 597 882 600 584 733 808 757 697 976 164 881 628 611 899 676 270 860 310 991 1001 548 253 916 200 281 921 772 1062 861 199 167 669 712 553 90 514 880 272 593 217 472 871 1007 905 801 844 722 516 575 78 718 581 0]
th = [4, 7, 2, 2, 8, 8, 10, 2, 6, 9, 3, 9, 4, 4, 7, 3, 10, 6, 0, 6, 8, 1, 1, 8, 0, 3, 9, 8, 9, 3, 2, 2, 1, 3, 1, 6, 0, 10, 8, 0, 2, 6, 1, 3, 1, 4, 8, 8, 10, 2, 4, 9, 4, 4, 0, 3, 2, 9, 3, 4, 8, 1, 9, 3, 6, 6, 7, 8, 9, 10, 1, 4, 3, 2, 7]
T = 3
d = [0, 0, 4, 7, 10, 4, 0, 3, 9, 1, 7, 3, 3, 5, 4, 8, 10, 2, 4, 7, 1, 3, 4, 8, 3, 9, 10, 5, 7, 4, 0, 7, 9, 8, 2, 10, 10, 1, 3, 7, 8, 1, 10, 9, 3, 5, 10, 4, 4, 4, 8, 4, 6, 8, 3, 0, 1, 0, 6, 7, 4, 3, 7, 1, 1, 3, 4, 8, 2, 6, 10, 5, 3, 8, 7]
C = 42
