n = 80
t = [0 862 187 466 418 463 558 74 326 378 949 493 290 815 474 587 798 365 508 444 367 208 890 597 142 916 338 367 904 391 500 357 375 474 783 654 829 82 725 592 717 523 673 586 858 232 393 492 997 474 830 425 106 757 571 432 228 580 549 298 245 649 297 150 363 492 417 829 570 230 599 751 621 417 720 388 638 282 580 453; 862 0 770 547 451 606 315 921 648 568 840 520 593 103 745 526 392 938 498 603 770 836 896 274 932 519 890 737 441 636 1195 720 983 395 89 1049 112 894 287 944 970 1007 209 1136 820 986 644 371 769 1130 789 633 874 657 399 1072 637 338 438 980 1030 1048 574 913 1028 692 733 34 385 671 816 352 1133 1065 246 797 946 584 665 1125; 187 770 0 501 372 521 455 197 152 222 1028 519 295 705 577 621 793 529 528 499 484 359 987 496 328 930 196 181 902 211 686 456 547 419 701 808 759 156 694 733 849 684 565 761 944 418 462 407 1055 658 912 491 282 817 424 613 219 545 550 477 432 804 206 332 544 578 519 735 553 101 711 737 792 598 677 209 775 258 654 638; 466 547 501 0 210 63 372 540 494 458 537 31 206 555 204 122 342 398 54 56 227 339 519 384 465 449 693 607 443 542 657 181 445 227 458 517 467 536 307 413 472 461 446 589 462 488 104 301 555 589 428 86 421 319 504 532 281 210 114 459 538 516 337 440 496 158 186 523 163 420 307 305 588 527 324 665 426 248 182 586; 418 451 372 210 0 264 186 484 315 263 732 208 142 422 392 299 425 517 203 248 367 391 724 213 480 569 544 430 534 350 764 315 559 56 368 702 410 463 323 601 676 622 288 742 664 537 256 107 730 705 629 264 423 508 298 648 190 173 198 540 580 700 170 462 595 358 354 420 186 274 511 367 751 638 308 493 623 136 392 696; 463 606 521 63 264 0 433 538 531 502 507 86 232 616 141 133 372 348 108 22 178 312 477 446 443 462 716 641 466 583 607 139 395 286 518 455 522 538 356 350 413 401 509 530 426 456 72 361 538 537 393 42 405 298 561 480 303 271 169 418 506 453 375 417 450 96 129 583 221 449 247 343 527 476 377 697 365 279 137 536; 558 315 455 372 186 433 0 612 338 259 843 359 318 258 569 425 455 703 345 419 553 570 857 41 644 610 582 436 555 337 947 500 744 147 250 882 317 583 323 780 844 807 115 927 789 710 437 80 816 890 755 440 585 623 155 832 342 217 310 721 750 880 263 629 778 529 535 281 266 357 679 393 936 822 285 499 797 294 544 880; 74 921 197 540 484 538 612 0 348 410 1021 566 361 869 544 661 871 416 582 518 436 271 959 652 175 990 305 366 977 408 516 429 419 538 844 706 893 42 795 651 778 572 727 623 929 259 467 550 1071 500 902 499 161 830 610 465 295 649 621 335 258 701 349 192 397 564 488 887 641 267 667 822 661 449 788 374 698 348 653 478; 326 648 152 494 315 531 338 348 0 80 1031 504 301 574 619 603 736 627 506 509 544 457 1007 378 459 883 245 115 844 68 814 505 653 346 588 887 654 308 621 801 905 773 439 865 955 546 487 310 1040 777 921 510 405 811 279 728 243 477 511 594 568 884 156 457 660 606 564 614 499 108 753 675 891 714 594 178 837 252 668 760; 378 568 222 458 263 502 259 410 80 0 992 464 284 494 605 560 673 645 463 482 542 479 977 299 501 823 323 180 780 89 849 498 675 285 509 889 576 373 553 798 894 783 359 883 920 585 468 239 993 807 886 487 444 769 203 755 244 414 460 624 612 886 135 496 689 586 554 534 442 147 736 611 905 741 524 244 830 235 638 791; 949 840 1028 537 732 507 843 1021 1031 992 0 528 739 907 479 433 448 684 529 529 588 759 120 836 888 345 1223 1144 422 1077 869 592 718 726 777 519 728 1029 568 470 370 600 865 693 96 860 567 796 125 799 119 538 869 224 996 764 811 627 542 789 906 523 875 861 780 458 534 836 578 955 374 494 655 771 616 1202 426 784 374 813; 493 520 519 31 208 86 359 566 504 464 528 0 224 532 226 102 312 428 23 84 257 370 516 369 495 423 710 618 414 549 687 212 474 217 432 538 438 561 276 433 486 487 428 615 457 519 134 292 539 618 422 115 450 307 496 561 300 185 84 490 569 537 348 470 527 177 213 497 136 435 321 274 613 557 294 677 444 263 186 616; 290 593 295 206 142 232 318 361 301 284 739 224 0 563 322 326 513 391 234 211 263 252 708 350 339 641 487 409 621 357 630 216 430 197 508 610 546 348 435 516 611 513 426 625 659 396 186 240 761 574 626 210 282 524 397 517 76 291 264 403 439 607 149 321 461 306 270 561 280 216 454 463 640 507 430 465 547 49 369 563; 815 103 705 555 422 616 258 869 574 494 907 532 563 0 758 556 462 930 511 610 768 813 953 219 898 600 811 655 525 555 1183 716 974 369 130 1069 194 839 340 964 1002 1015 143 1141 878 959 643 327 845 1122 845 637 839 711 311 1064 597 347 455 962 1001 1068 520 881 1015 708 737 82 400 610 842 413 1142 1055 293 713 971 547 693 1114; 474 745 577 204 392 141 569 544 619 605 479 226 322 758 0 238 474 245 248 150 110 280 417 585 411 531 771 722 553 678 492 121 290 422 657 314 657 555 484 211 290 264 649 394 386 395 139 494 541 419 359 129 390 311 689 367 377 411 307 336 444 313 471 384 350 56 58 722 361 523 135 458 388 366 511 772 231 370 136 423; 587 526 621 122 299 133 425 661 603 560 433 102 326 556 238 0 241 472 97 148 306 445 433 426 576 331 811 718 333 646 727 272 519 295 442 525 429 658 250 421 446 500 473 629 368 589 204 368 438 655 333 175 535 210 572 601 402 219 115 548 639 525 448 550 576 182 250 508 164 537 289 220 618 598 283 778 420 365 138 656; 798 392 793 342 425 372 455 871 736 673 448 312 513 462 474 241 0 713 293 383 547 680 509 435 806 155 969 849 109 761 966 511 759 389 332 731 280 861 136 633 623 728 443 856 432 827 439 438 384 894 403 413 761 277 608 840 587 259 250 789 877 731 595 782 817 419 491 389 240 698 492 63 839 838 181 913 619 539 351 896; 365 938 529 398 517 348 703 416 627 645 684 428 391 930 245 472 713 0 451 344 171 172 596 730 244 776 702 704 796 695 259 218 47 564 849 290 863 443 703 246 377 157 803 239 588 185 296 623 766 192 569 313 260 549 787 135 403 601 512 106 226 286 516 224 106 296 222 910 560 519 311 690 264 129 722 739 296 429 380 188; 508 498 528 54 203 108 345 582 506 463 529 23 234 511 248 97 293 451 0 108 280 391 523 353 515 409 716 620 396 549 710 235 498 206 410 558 415 575 253 453 502 509 409 638 461 541 157 281 535 642 426 139 469 306 486 585 310 164 61 512 590 557 351 490 550 197 236 475 113 442 338 253 635 580 271 681 462 270 199 639; 444 603 499 56 248 22 419 518 509 482 529 84 211 610 150 148 383 344 108 0 173 298 498 435 428 479 694 619 480 562 603 130 390 273 515 465 522 518 360 361 428 405 499 533 448 443 56 346 559 534 415 31 388 319 545 477 282 266 169 409 494 463 354 402 444 111 129 579 219 427 264 352 532 472 379 676 378 258 159 532; 367 770 484 227 367 178 553 436 544 542 588 257 263 768 110 306 547 171 280 173 0 171 523 576 301 623 675 640 636 608 430 53 218 409 681 348 693 449 532 257 366 255 646 375 495 292 126 474 650 362 469 142 280 416 655 305 302 433 341 243 342 345 407 275 272 145 61 744 390 442 233 521 383 300 551 686 293 309 237 359; 208 836 359 339 391 312 570 271 457 479 759 370 252 813 280 445 680 172 391 298 171 0 690 601 133 774 537 533 777 525 380 179 197 445 749 451 777 290 638 385 509 325 678 409 665 152 242 492 819 330 640 270 111 583 635 276 244 512 445 152 200 447 355 107 214 310 228 806 483 349 397 644 436 264 646 568 431 280 403 316; 890 896 987 519 724 477 857 959 1007 977 120 516 708 953 417 433 509 596 523 498 523 690 0 856 814 434 1182 1117 505 1059 762 536 625 728 826 405 785 971 614 367 256 496 894 581 77 777 526 801 243 694 108 500 801 243 1005 663 776 645 548 702 821 409 852 788 685 409 474 888 592 923 293 544 540 672 660 1172 319 756 340 710; 597 274 496 384 213 446 41 652 378 299 836 369 350 219 585 426 435 730 353 435 576 601 856 0 680 590 622 474 531 375 977 523 772 167 210 899 279 623 300 796 854 829 77 951 786 744 457 110 803 918 751 458 621 618 174 861 379 211 311 752 785 898 303 665 808 542 555 240 264 398 689 373 958 851 259 537 811 329 551 909; 142 932 328 465 480 443 644 175 459 501 888 495 339 898 411 576 806 244 515 428 301 133 814 680 0 906 474 508 906 526 359 312 244 536 847 534 883 208 756 486 615 399 758 449 793 90 372 571 951 332 769 402 60 716 682 293 302 621 566 160 111 529 399 27 223 443 360 900 599 356 520 767 487 277 759 530 535 351 536 312; 916 519 930 449 569 462 610 990 883 823 345 423 641 600 531 331 155 776 409 479 623 774 434 590 906 0 1112 997 79 911 1016 597 820 538 471 735 409 984 290 648 606 760 595 882 361 913 534 591 254 943 340 504 866 252 763 893 717 410 380 864 963 736 737 880 882 481 562 522 383 838 509 218 857 894 334 1061 623 672 396 949; 338 890 196 693 544 716 582 305 245 323 1223 710 487 811 771 811 969 702 716 694 675 537 1182 622 474 1112 0 158 1078 256 820 650 713 583 832 988 899 267 861 920 1039 859 680 923 1139 562 658 554 1248 805 1108 686 443 1010 503 767 413 714 733 634 563 984 375 487 698 774 713 855 730 275 905 911 958 751 837 114 963 447 850 782; 367 737 181 607 430 641 436 366 115 180 1144 618 409 655 722 718 849 704 620 619 640 533 1117 474 508 997 158 0 957 100 867 604 725 460 684 976 753 324 732 895 1005 856 528 939 1067 598 593 419 1155 838 1033 618 463 924 346 793 345 590 626 657 612 972 270 512 724 713 666 703 614 198 857 788 968 778 703 64 933 362 778 818; 904 441 902 443 534 466 555 977 844 780 422 414 621 525 553 333 109 796 396 480 636 777 505 531 906 79 1078 957 0 867 1044 605 842 497 398 782 332 968 232 690 660 796 529 920 430 921 536 543 333 971 407 508 863 304 705 919 695 367 357 879 972 783 704 881 902 500 577 446 350 807 549 169 899 919 272 1021 669 647 422 975; 391 636 211 542 350 583 337 408 68 89 1077 549 357 555 678 646 761 695 549 562 608 525 1059 375 526 911 256 100 867 0 882 566 721 373 584 952 654 367 640 865 966 840 428 933 1004 613 544 325 1080 846 970 565 473 855 248 796 306 502 548 662 634 949 209 525 729 663 625 603 530 176 812 699 958 782 609 162 899 308 720 828; 500 1195 686 657 764 607 947 516 814 849 869 687 630 1183 492 727 966 259 710 603 430 380 762 977 359 1016 820 867 1044 882 0 477 213 815 1106 367 1123 555 962 398 508 269 1052 195 776 269 555 868 968 73 765 572 409 775 1014 126 623 859 771 228 258 362 732 357 169 547 479 1167 819 708 518 946 244 131 981 886 443 660 622 71; 357 720 456 181 315 139 500 429 505 498 592 212 216 716 121 272 511 218 235 130 53 179 536 523 312 597 650 604 605 566 477 0 264 356 631 395 645 437 488 301 401 307 594 428 502 317 78 422 644 410 473 99 281 406 604 353 261 383 295 279 367 392 363 285 315 135 63 693 342 406 255 481 436 347 504 653 333 263 226 406; 375 983 547 445 559 395 744 419 653 675 718 474 430 974 290 519 759 47 498 390 218 197 625 772 244 820 713 725 842 721 213 264 0 607 894 294 910 449 750 266 396 158 846 214 622 172 342 664 804 147 605 359 270 590 824 89 436 647 558 88 204 289 549 228 63 342 269 956 606 545 347 737 246 82 768 756 317 466 425 142; 474 395 419 227 56 286 147 538 346 285 726 217 197 369 422 295 389 564 206 273 409 445 728 167 536 538 583 460 497 373 815 356 607 0 312 735 355 517 278 632 699 662 239 784 664 592 291 75 715 754 629 293 479 502 279 696 246 131 184 592 635 733 213 518 646 383 389 364 157 319 533 329 791 687 258 524 650 192 404 746; 783 89 701 458 368 518 250 844 588 509 777 432 508 130 657 442 332 849 410 515 681 749 826 210 847 471 832 684 398 584 1106 631 894 312 0 963 78 819 212 858 887 919 163 1047 750 899 555 296 715 1041 718 544 791 584 361 984 556 249 351 892 944 962 500 828 940 605 644 66 297 601 731 283 1045 977 167 746 861 503 580 1036; 654 1049 808 517 702 455 882 706 887 889 519 538 610 1069 314 525 731 290 558 465 348 451 405 899 534 735 988 976 782 952 367 395 294 735 963 0 954 733 774 105 149 136 963 177 433 466 447 806 631 306 430 442 549 482 997 292 647 722 614 382 496 5 755 514 339 361 349 1029 669 782 239 733 136 305 808 1016 112 657 388 326; 829 112 759 467 410 522 317 893 654 576 728 438 546 194 657 429 280 863 415 522 693 777 785 279 883 409 899 753 332 654 1123 645 910 355 78 954 0 870 182 850 868 921 239 1050 709 929 568 352 658 1055 678 553 827 547 437 998 600 266 354 915 975 954 555 862 959 603 651 114 304 659 718 242 1044 992 147 816 848 546 567 1052; 82 894 156 536 463 538 583 42 308 373 1029 561 348 839 555 658 861 443 575 518 449 290 971 623 208 984 267 324 968 367 555 437 449 517 819 733 870 0 780 674 799 600 697 657 939 295 469 524 1075 537 910 501 184 834 574 500 277 632 611 368 297 728 321 222 431 572 498 860 627 232 682 810 694 484 770 333 720 330 659 515; 725 287 694 307 323 356 323 795 621 553 568 276 435 340 484 250 136 703 253 360 532 638 614 300 756 290 861 732 232 640 962 488 750 278 212 774 182 780 0 671 686 748 307 877 538 790 411 314 516 893 506 391 705 372 474 836 502 149 194 765 838 774 490 733 803 429 484 276 157 596 537 76 868 832 48 796 667 450 386 891; 592 944 733 413 601 350 780 651 801 798 470 433 516 964 211 421 633 246 453 361 257 385 367 796 486 648 920 895 690 865 398 301 266 632 858 105 850 674 671 0 131 130 859 236 377 431 346 704 571 328 367 339 491 396 897 296 559 617 509 350 469 104 663 463 323 256 249 924 564 699 141 632 210 305 703 939 51 564 286 343; 717 970 849 472 676 413 844 778 905 894 370 486 611 1002 290 446 623 377 502 428 366 509 256 854 615 606 1039 1005 660 966 508 401 396 699 887 149 868 799 686 131 0 250 911 325 286 562 428 773 483 443 286 414 617 356 973 418 662 660 551 480 600 153 760 592 451 318 341 953 604 806 165 635 285 429 724 1051 81 660 309 461; 523 1007 684 461 622 401 807 572 773 783 600 487 513 1015 264 500 728 157 509 405 255 325 496 829 399 760 859 856 796 840 269 307 158 662 919 136 921 600 748 130 250 0 898 130 507 330 373 729 699 199 496 377 417 513 908 168 540 671 569 246 361 131 650 380 205 319 277 984 623 666 253 719 129 179 775 893 177 557 377 213; 673 209 565 446 288 509 115 727 439 359 865 428 426 143 649 473 443 803 409 499 646 678 894 77 758 595 680 528 529 428 1052 594 846 239 163 963 239 697 307 859 911 898 0 1022 823 821 525 188 822 993 788 523 699 653 198 935 456 254 361 828 862 962 377 742 883 604 622 175 310 469 747 384 1026 926 261 589 871 407 604 984; 586 1136 761 589 742 530 927 623 865 883 693 615 625 1141 394 629 856 239 638 533 375 409 581 951 449 882 923 939 920 933 195 428 214 784 1047 177 1050 657 877 236 325 130 1022 0 604 365 498 848 801 148 598 504 481 631 1021 161 642 799 698 289 380 173 754 436 227 449 404 1112 751 757 373 848 49 177 904 969 271 665 504 172; 858 820 944 462 664 426 789 929 955 920 96 457 659 878 386 368 432 588 461 448 495 665 77 786 793 361 1139 1067 430 1004 776 502 622 664 750 433 709 939 538 377 286 507 823 604 0 765 482 736 198 705 35 453 775 169 939 669 729 575 482 693 810 436 799 767 684 369 442 813 523 875 278 468 568 676 585 1123 335 705 290 719; 232 986 418 488 537 456 710 259 546 585 860 519 396 959 395 589 827 185 541 443 292 152 777 744 90 913 562 598 921 613 269 317 172 592 899 466 929 295 790 431 562 330 821 365 765 0 387 634 934 243 743 414 141 706 760 206 372 664 596 84 50 461 475 89 138 436 353 955 635 441 487 793 405 190 798 620 482 416 528 222; 393 644 462 104 256 72 437 467 487 468 567 134 186 643 139 204 439 296 157 56 126 242 526 457 372 534 658 593 536 544 555 78 342 291 555 447 568 469 411 346 428 373 525 498 482 387 0 360 605 488 450 32 333 364 552 430 250 306 217 355 438 444 335 346 393 120 98 618 264 397 269 406 501 424 427 647 369 235 193 484; 492 371 407 301 107 361 80 550 310 239 796 292 240 327 494 368 438 623 281 346 474 492 801 110 571 591 554 419 543 325 868 422 664 75 296 806 352 524 314 704 773 729 188 848 736 634 360 0 779 810 701 365 512 573 204 753 270 181 255 642 674 804 205 555 699 456 458 338 221 307 608 375 857 743 285 483 723 219 479 800; 997 769 1055 555 730 538 816 1071 1040 993 125 539 761 845 541 438 384 766 535 559 650 819 243 803 951 254 1248 1155 333 1080 968 644 804 715 715 631 658 1075 516 571 483 699 822 801 198 934 605 779 0 897 204 574 925 241 971 858 836 601 533 868 982 634 885 924 866 509 591 770 559 974 457 439 765 863 563 1216 530 802 418 909; 474 1130 658 589 705 537 890 500 777 807 799 618 574 1122 419 655 894 192 642 534 362 330 694 918 332 943 805 838 971 846 73 410 147 754 1041 306 1055 537 893 328 443 199 993 148 705 243 488 810 897 0 694 503 376 702 964 58 574 793 702 184 246 301 685 326 117 474 409 1103 751 670 445 875 197 67 913 862 375 607 549 25; 830 789 912 428 629 393 755 902 921 886 119 422 626 845 359 333 403 569 426 415 469 640 108 751 769 340 1108 1033 407 970 765 473 605 629 718 430 678 910 506 367 286 496 788 598 35 743 450 701 204 694 0 422 749 135 904 656 696 541 447 673 790 433 765 742 667 339 414 781 488 842 258 437 564 662 552 1090 328 672 258 706; 425 633 491 86 264 42 440 499 510 487 538 115 210 637 129 175 413 313 139 31 142 270 500 458 402 504 686 618 508 565 572 99 359 293 544 442 553 501 391 339 414 377 523 504 453 414 32 365 574 503 422 0 364 333 561 446 276 295 199 378 465 440 357 376 412 98 100 608 249 423 251 382 505 441 410 673 359 258 164 501; 106 874 282 421 423 405 585 161 405 444 869 450 282 839 390 535 761 260 469 388 280 111 801 621 60 866 443 463 863 473 409 281 270 479 791 549 827 184 705 491 617 417 699 481 775 141 333 512 925 376 749 364 0 687 623 331 243 568 517 195 169 544 340 52 262 416 336 842 547 301 509 720 515 315 706 489 538 292 507 357; 757 657 817 319 508 298 623 830 811 769 224 307 524 711 311 210 277 549 306 319 416 583 243 618 716 252 1010 924 304 855 775 406 590 502 584 482 547 834 372 396 356 513 653 631 169 706 364 573 241 702 135 333 687 0 774 656 598 408 318 646 755 484 654 689 653 273 356 647 357 739 260 305 605 659 417 984 370 566 180 710; 571 399 424 504 298 561 155 610 279 203 996 496 397 311 689 572 608 787 486 545 655 635 1005 174 682 763 503 346 705 248 1014 604 824 279 361 997 437 574 474 897 973 908 198 1021 939 760 552 204 971 964 904 561 623 774 0 909 391 371 457 786 792 994 284 673 848 656 648 367 418 343 808 546 1035 897 433 403 920 358 683 951; 432 1072 613 532 648 480 832 465 728 755 764 561 517 1064 367 601 840 135 585 477 305 276 663 861 293 893 767 793 919 796 126 353 89 696 984 292 998 500 836 296 418 168 935 161 669 206 430 753 858 58 656 446 331 656 909 0 519 736 645 136 220 287 631 283 69 421 353 1045 694 620 402 820 204 16 856 819 345 552 498 56; 228 637 219 281 190 303 342 295 243 244 811 300 76 597 377 402 587 403 310 282 302 244 776 379 302 717 413 345 695 306 623 261 436 246 556 647 600 277 502 559 662 540 456 642 729 372 250 270 836 574 696 276 243 598 391 519 0 355 338 395 409 644 112 288 457 369 322 604 351 148 512 535 662 507 494 397 594 54 439 560; 580 338 545 210 173 271 217 649 477 414 627 185 291 347 411 219 259 601 164 266 433 512 645 211 621 410 714 590 367 502 859 383 647 131 249 722 266 632 149 617 660 671 254 799 575 664 306 181 601 793 541 295 568 408 371 736 355 0 109 649 711 721 342 600 694 361 395 313 56 447 497 198 798 729 139 654 624 302 351 789; 549 438 550 114 198 169 310 621 511 460 542 84 264 455 307 115 250 512 61 169 341 445 548 311 566 380 733 626 357 548 771 295 558 184 351 614 354 611 194 509 551 569 361 698 482 596 217 255 533 702 447 199 517 318 457 645 338 109 0 571 645 613 360 542 610 255 297 416 55 458 388 203 694 640 210 688 515 292 242 700; 298 980 477 459 540 418 721 335 594 624 789 490 403 962 336 548 789 106 512 409 243 152 702 752 160 864 634 657 879 662 228 279 88 592 892 382 915 368 765 350 480 246 828 289 693 84 355 642 868 184 673 378 195 646 786 136 395 649 571 0 120 377 504 148 67 383 302 951 614 486 415 760 326 120 778 684 400 432 472 167; 245 1030 432 538 580 506 750 258 568 612 906 569 439 1001 444 639 877 226 590 494 342 200 821 785 111 963 563 612 972 634 258 367 204 635 944 496 975 297 838 469 600 361 862 380 810 50 438 674 982 246 790 465 169 755 792 220 409 711 645 120 0 491 509 121 159 486 403 999 683 466 533 842 424 204 846 628 520 456 577 223; 649 1048 804 516 700 453 880 701 884 886 523 537 607 1068 313 525 731 286 557 463 345 447 409 898 529 736 984 972 783 949 362 392 289 733 962 5 954 728 774 104 153 131 962 173 436 461 444 804 634 301 433 440 544 484 994 287 644 721 613 377 491 0 751 509 333 360 346 1028 668 778 240 733 132 300 807 1012 114 654 388 321; 297 574 206 337 170 375 263 349 156 135 875 348 149 520 471 448 595 516 351 354 407 355 852 303 399 737 375 270 704 209 732 363 549 213 500 755 555 321 490 663 760 650 377 754 799 475 335 205 885 685 765 357 340 654 284 631 112 342 360 504 509 751 0 389 568 454 419 540 355 106 604 537 774 618 471 330 695 100 512 671; 150 913 332 440 462 417 629 192 457 496 861 470 321 881 384 550 782 224 490 402 275 107 788 665 27 880 487 512 881 525 357 285 228 518 828 514 862 222 733 463 592 380 742 436 767 89 346 555 924 326 742 376 52 689 673 283 288 600 542 148 121 509 389 0 213 416 334 882 576 352 495 743 472 267 737 537 512 335 509 306; 363 1028 544 496 595 450 778 397 660 689 780 527 461 1015 350 576 817 106 550 444 272 214 685 808 223 882 698 724 902 729 169 315 63 646 940 339 959 431 803 323 451 205 883 227 684 138 393 699 866 117 667 412 262 653 848 69 457 694 610 67 159 333 568 213 0 402 326 1000 656 553 409 793 267 54 819 750 373 492 486 103; 492 692 578 158 358 96 529 564 606 586 458 177 306 708 56 182 419 296 197 111 145 310 409 542 443 481 774 713 500 663 547 135 342 383 605 361 603 572 429 256 318 319 604 449 369 436 120 456 509 474 339 98 416 273 656 421 369 361 255 383 486 360 454 416 402 0 84 671 309 517 153 403 441 420 456 766 268 355 93 477; 417 733 519 186 354 129 535 488 564 554 534 213 270 737 58 250 491 222 236 129 61 228 474 555 360 562 713 666 577 625 479 63 269 389 644 349 651 498 484 249 341 277 622 404 442 353 98 458 591 409 414 100 336 356 648 353 322 395 297 302 403 346 419 334 326 84 0 708 349 467 192 468 405 350 506 715 277 319 176 408; 829 34 735 523 420 583 281 887 614 534 836 497 561 82 722 508 389 910 475 579 744 806 888 240 900 522 855 703 446 603 1167 693 956 364 66 1029 114 860 276 924 953 984 175 1112 813 955 618 338 770 1103 781 608 842 647 367 1045 604 313 416 951 999 1028 540 882 1000 671 708 0 362 637 797 345 1110 1038 232 763 927 552 646 1097; 570 385 553 163 186 221 266 641 499 442 578 136 280 400 361 164 240 560 113 219 390 483 592 264 599 383 730 614 350 530 819 342 606 157 297 669 304 627 157 564 604 623 310 751 523 635 264 221 559 751 488 249 547 357 418 694 351 56 55 614 683 668 355 576 656 309 349 362 0 457 443 185 748 688 164 677 570 300 296 748; 230 671 101 420 274 449 357 267 108 147 955 435 216 610 523 537 698 519 442 427 442 349 923 398 356 838 275 198 807 176 708 406 545 319 601 782 659 232 596 699 806 666 469 757 875 441 397 307 974 670 842 423 301 739 343 620 148 447 458 486 466 778 106 352 553 517 467 637 457 0 659 641 783 606 577 250 736 173 585 653; 599 816 711 307 511 247 679 667 753 736 374 321 454 842 135 289 492 311 338 264 233 397 293 689 520 509 905 857 549 812 518 255 347 533 731 239 718 682 537 141 165 253 747 373 278 487 269 608 457 445 258 251 509 260 808 402 512 497 388 415 533 240 604 495 409 153 192 797 443 659 0 494 350 407 572 907 131 503 151 455; 751 352 737 305 367 343 393 822 675 611 494 274 463 413 458 220 63 690 253 352 521 644 544 373 767 218 911 788 169 699 946 481 737 329 283 733 242 810 76 632 635 719 384 848 468 793 406 375 439 875 437 382 720 305 546 820 535 198 203 760 842 733 537 743 793 403 468 345 185 641 494 0 835 817 124 852 623 485 346 876; 621 1133 792 588 751 527 936 661 891 905 655 613 640 1142 388 618 839 264 635 532 383 436 540 958 487 857 958 968 899 958 244 436 246 791 1045 136 1044 694 868 210 285 129 1026 49 568 405 501 857 765 197 564 505 515 605 1035 204 662 798 694 326 424 132 774 472 267 441 405 1110 748 783 350 835 0 220 897 1001 238 682 489 220; 417 1065 598 527 638 476 822 449 714 741 771 557 507 1055 366 598 838 129 580 472 300 264 672 851 277 894 751 778 919 782 131 347 82 687 977 305 992 484 832 305 429 179 926 177 676 190 424 743 863 67 662 441 315 659 897 16 507 729 640 120 204 300 618 267 54 420 350 1038 688 606 407 817 220 0 850 804 354 540 499 60; 720 246 677 324 308 377 285 788 594 524 616 294 430 293 511 283 181 722 271 379 551 646 660 259 759 334 837 703 272 609 981 504 768 258 167 808 147 770 48 703 724 775 261 904 585 798 427 285 563 913 552 410 706 417 433 856 494 139 210 778 846 807 471 737 819 456 506 232 164 577 572 124 897 850 0 768 702 440 421 910; 388 797 209 665 493 697 499 374 178 244 1202 677 465 713 772 778 913 739 681 676 686 568 1172 537 530 1061 114 64 1021 162 886 653 756 524 746 1016 816 333 796 939 1051 893 589 969 1123 620 647 483 1216 862 1090 673 489 984 403 819 397 654 688 684 628 1012 330 537 750 766 715 763 677 250 907 852 1001 804 768 0 979 419 834 841; 638 946 775 426 623 365 797 698 837 830 426 444 547 971 231 420 619 296 462 378 293 431 319 811 535 623 963 933 669 899 443 333 317 650 861 112 848 720 667 51 81 177 871 271 335 482 369 723 530 375 328 359 538 370 920 345 594 624 515 400 520 114 695 512 373 268 277 927 570 736 131 623 238 354 702 979 0 595 282 390; 282 584 258 248 136 279 294 348 252 235 784 263 49 547 370 365 539 429 270 258 309 280 756 329 351 672 447 362 647 308 660 263 466 192 503 657 546 330 450 564 660 557 407 665 705 416 235 219 802 607 672 258 292 566 358 552 54 302 292 432 456 654 100 335 492 355 319 552 300 173 503 485 682 540 440 419 595 0 416 595; 580 665 654 182 392 137 544 653 668 638 374 186 369 693 136 138 351 380 199 159 237 403 340 551 536 396 850 778 422 720 622 226 425 404 580 388 567 659 386 286 309 377 604 504 290 528 193 479 418 549 258 164 507 180 683 498 439 351 242 472 577 388 512 509 486 93 176 646 296 585 151 346 489 499 421 834 282 416 0 554; 453 1125 638 586 696 536 880 478 760 791 813 616 563 1114 423 656 896 188 639 532 359 316 710 909 312 949 782 818 975 828 71 406 142 746 1036 326 1052 515 891 343 461 213 984 172 719 222 484 800 909 25 706 501 357 710 951 56 560 789 700 167 223 321 671 306 103 477 408 1097 748 653 455 876 220 60 910 841 390 595 554 0]
th = [3, 6, 1, 8, 1, 0, 8, 9, 1, 4, 8, 6, 0, 7, 7, 3, 6, 8, 2, 9, 8, 8, 5, 8, 10, 2, 0, 6, 4, 1, 9, 8, 10, 8, 3, 3, 0, 4, 5, 4, 2, 2, 8, 6, 1, 0, 5, 9, 4, 10, 2, 5, 4, 4, 10, 3, 9, 6, 5, 5, 3, 1, 0, 9, 3, 1, 2, 10, 6, 4, 2, 3, 7, 8, 7, 7, 1, 3, 4, 7]
T = 8
d = [0, 6, 2, 9, 5, 1, 2, 9, 2, 8, 0, 5, 2, 10, 2, 2, 4, 7, 9, 6, 5, 8, 6, 6, 8, 7, 3, 5, 7, 6, 4, 2, 5, 1, 0, 4, 1, 8, 2, 5, 4, 5, 10, 0, 5, 6, 7, 6, 1, 5, 0, 8, 6, 2, 4, 1, 3, 6, 7, 2, 4, 8, 4, 8, 7, 3, 2, 2, 3, 6, 3, 9, 9, 8, 3, 6, 6, 4, 6, 5]
C = 49
