n = 9
t = [0 680 540 263 163 482 176 421 119; 680 0 1118 776 824 502 848 624 578; 540 1118 0 726 387 1022 395 951 653; 263 776 726 0 352 391 334 266 255; 163 824 387 352 0 640 37 565 282; 482 502 1022 391 640 0 642 143 372; 176 848 395 334 37 642 0 559 294; 421 624 951 266 565 143 559 0 332; 119 578 653 255 282 372 294 332 0]
th = [3, 1, 9, 6, 8, 3, 8, 4, 8]
T = 8
d = [0, 2, 9, 2, 5, 9, 7, 5, 7]
C = 18
