n = 90
t = [0 606 949 598 224 506 691 739 470 691 159 241 667 125 413 798 532 17 617 750 543 235 168 406 550 649 295 723 620 162 764 445 901 308 475 202 224 794 670 890 82 853 501 284 655 507 817 449 706 511 593 469 220 411 625 498 333 248 647 60 765 509 323 467 806 550 245 782 148 672 340 177 741 742 299 728 953 228 110 420 848 623 684 651 672 526 472 532 830 680; 606 0 345 15 757 229 380 218 306 188 764 375 309 575 446 555 599 591 25 436 596 412 705 329 448 59 349 235 40 448 519 707 298 298 241 802 424 268 615 320 576 380 585 427 157 147 268 213 154 505 62 582 707 408 401 326 381 773 236 561 459 627 424 280 425 287 363 785 753 442 523 620 152 156 324 142 350 453 687 269 313 565 508 599 334 645 295 534 423 127; 949 345 0 354 1085 529 563 331 608 310 1107 713 502 919 754 630 877 935 332 516 820 756 1036 649 659 300 676 370 339 793 609 978 49 642 553 1147 754 252 846 154 921 333 824 741 370 473 210 521 265 784 358 832 1030 718 567 573 688 1098 395 902 532 867 754 553 452 554 704 937 1094 581 814 945 242 213 658 257 13 794 1032 570 229 807 715 835 465 881 597 757 424 283; 598 15 354 0 753 214 367 211 292 203 757 370 296 565 432 567 584 584 40 449 602 402 700 315 455 74 346 226 33 440 531 709 308 291 226 794 420 283 600 334 567 395 590 426 146 133 282 214 169 490 73 586 704 393 411 333 381 769 249 555 472 632 411 284 439 272 357 794 746 453 525 617 153 169 320 142 360 442 679 271 327 550 494 585 347 650 280 540 437 142; 224 757 1085 753 0 704 903 922 680 796 188 385 872 347 636 795 754 240 762 781 483 446 59 618 555 789 410 912 780 361 767 316 1036 476 674 244 333 893 894 1000 306 926 443 348 836 687 924 564 826 735 730 410 64 631 653 555 403 24 733 226 791 431 544 548 851 757 404 688 164 690 320 140 904 872 433 892 1087 447 267 518 945 847 906 875 728 442 680 500 881 804; 506 229 529 214 704 0 221 243 80 413 656 338 172 433 226 746 370 489 254 637 701 274 646 123 582 288 354 221 209 347 708 753 491 242 31 679 403 498 395 541 451 608 677 445 168 90 495 311 383 276 272 663 669 189 571 456 423 724 441 481 660 713 233 396 641 76 312 924 651 619 564 585 289 378 315 273 538 298 558 354 541 341 306 377 531 733 68 647 643 356; 691 380 563 367 903 221 0 233 224 564 827 554 72 595 308 933 350 674 404 815 919 458 845 286 793 427 574 195 343 543 896 973 539 460 245 840 620 624 285 631 623 744 896 665 232 292 609 523 518 272 439 883 874 292 768 666 644 925 615 677 839 933 375 608 803 151 526 1136 827 814 785 793 344 489 535 332 575 465 721 570 655 253 152 277 713 954 224 863 798 496; 739 218 331 211 922 243 233 0 310 370 893 539 171 675 450 756 553 723 234 634 814 513 866 365 666 241 531 39 179 577 722 913 306 446 273 920 598 410 515 401 690 530 801 618 86 235 388 421 316 461 278 795 879 418 615 544 580 940 440 707 657 842 475 495 607 240 518 1002 886 653 726 793 117 274 499 110 343 540 799 477 433 477 385 504 539 860 301 752 595 301; 470 306 608 292 680 80 224 310 0 487 612 337 198 382 146 805 293 453 331 700 731 236 621 64 625 366 367 282 288 319 766 762 570 248 67 630 403 575 334 621 406 683 703 456 242 162 574 357 460 201 346 686 651 111 624 502 443 701 508 453 723 737 168 441 709 81 308 962 610 675 577 570 366 457 328 351 617 248 509 393 619 279 267 315 594 758 12 681 714 432; 691 188 310 203 796 413 564 370 487 0 846 450 492 690 619 387 779 679 163 265 514 541 752 499 353 137 399 397 221 551 355 668 263 404 420 892 477 104 803 204 682 197 516 449 333 325 128 242 59 687 141 523 738 580 271 264 393 807 88 637 287 559 580 251 240 474 450 658 829 297 509 656 262 118 392 264 307 587 788 279 158 752 696 787 178 573 475 450 235 69; 159 764 1107 757 188 656 827 893 612 846 0 398 810 233 532 921 618 173 775 885 634 382 166 548 672 808 447 875 779 319 888 492 1059 466 624 61 372 948 766 1046 206 1002 592 420 809 663 973 604 863 618 751 559 229 538 758 639 474 208 797 208 899 590 452 614 946 693 403 857 26 801 444 247 899 900 454 885 1111 364 112 571 1002 724 801 748 814 603 615 637 973 837; 241 375 713 370 385 338 554 539 337 450 398 0 510 258 363 603 530 230 383 534 425 167 331 287 367 413 66 531 396 118 565 426 664 96 310 443 66 553 633 648 240 617 390 126 453 305 576 208 466 469 355 367 341 338 418 281 139 403 409 190 552 417 272 238 580 403 30 670 383 469 245 254 520 503 57 507 716 208 340 185 607 578 598 613 446 438 333 388 602 440; 667 309 502 296 872 172 72 171 198 492 810 510 0 580 312 862 388 650 332 744 859 432 814 262 728 355 524 132 272 512 826 923 475 414 200 828 575 553 344 562 604 672 838 615 161 230 538 460 446 301 368 826 839 289 700 601 590 893 544 647 768 876 363 544 732 117 484 1071 808 745 733 756 276 418 486 263 514 447 707 509 585 306 217 334 642 896 195 801 726 424; 125 575 919 565 347 433 595 675 382 690 233 258 580 0 301 856 408 112 590 792 634 165 293 319 613 625 323 654 581 142 820 559 873 286 402 248 273 794 548 880 44 869 593 346 594 454 812 457 696 393 575 563 345 305 674 539 384 371 661 157 810 608 220 496 838 463 247 878 235 724 431 296 696 723 311 681 925 135 127 443 847 503 572 530 704 626 387 613 859 667; 413 446 754 432 636 226 308 450 146 619 532 363 312 301 0 907 175 396 470 810 785 208 578 120 703 505 412 419 432 296 868 779 716 298 207 538 422 712 273 764 335 815 752 489 387 299 714 453 598 108 478 729 620 39 721 589 493 659 629 415 833 780 97 530 829 210 333 1027 535 773 607 550 513 600 376 497 763 190 422 476 758 220 272 253 707 800 157 743 838 569; 798 555 630 567 795 746 933 756 805 387 921 603 862 856 907 0 1081 794 532 123 331 757 775 793 249 517 537 781 593 720 39 533 596 621 742 979 584 386 1138 478 829 302 364 516 710 657 425 454 445 998 494 393 732 872 188 325 473 795 319 738 102 391 839 380 179 818 622 323 897 136 480 678 649 498 560 651 622 804 909 436 402 1084 1050 1120 220 392 795 297 210 456; 532 599 877 584 754 370 350 553 293 779 618 530 388 408 175 1081 0 517 623 982 955 367 700 289 877 657 584 516 578 448 1042 935 844 472 360 608 585 867 151 908 449 976 921 655 509 455 865 627 753 95 638 897 750 209 895 764 664 778 797 549 1005 947 259 704 998 325 502 1198 628 947 771 690 638 747 549 623 888 337 507 651 911 124 236 136 878 967 305 915 1004 725; 17 591 935 584 240 489 674 723 453 679 173 230 650 112 396 794 517 0 603 744 544 218 184 389 546 635 285 707 606 147 759 452 887 293 458 214 217 783 655 877 69 844 503 279 638 491 805 438 694 495 580 471 233 394 620 491 327 263 637 58 760 512 306 458 798 533 232 785 164 667 341 186 726 729 287 713 939 211 115 411 836 607 668 636 664 530 455 531 822 667; 617 25 332 40 762 254 404 234 331 163 775 383 332 590 470 532 623 603 0 413 584 429 711 352 433 36 352 253 61 461 496 701 285 310 265 815 429 243 640 299 590 355 575 428 178 171 244 210 129 530 45 573 711 431 382 314 380 777 213 571 436 617 445 270 400 312 373 768 763 422 520 624 156 135 330 149 337 471 701 265 288 590 533 625 312 634 319 522 397 102; 750 436 516 449 781 637 815 634 700 265 885 534 744 792 810 123 982 744 413 0 361 677 752 693 228 396 469 660 474 652 94 557 479 536 635 941 528 267 1031 366 770 201 383 467 590 546 308 360 322 896 377 405 717 774 128 254 417 784 200 690 24 419 749 298 82 707 549 423 863 96 461 653 526 375 485 528 508 724 859 354 289 977 937 1013 105 426 688 309 118 333; 543 596 820 602 483 701 919 814 731 514 634 425 859 634 785 331 955 544 584 361 0 591 474 694 162 590 373 825 635 523 312 203 775 491 683 695 376 575 1051 688 597 551 42 302 742 629 615 400 567 890 540 75 422 757 259 271 293 479 426 487 361 61 696 320 442 776 453 246 609 266 204 388 737 627 410 732 816 629 649 349 615 995 997 1031 362 65 723 64 478 560; 235 412 756 402 446 274 458 513 236 541 382 167 432 165 208 757 367 218 429 677 591 0 387 173 530 465 227 494 417 89 719 571 710 142 243 407 218 644 481 723 177 728 555 290 431 289 658 322 541 315 418 530 421 192 570 432 305 468 523 220 697 580 112 380 713 315 140 836 377 622 403 346 531 563 198 516 762 47 287 323 696 428 467 461 580 600 237 555 729 512; 168 705 1036 700 59 646 845 866 621 752 166 331 814 293 578 775 700 184 711 752 474 387 0 559 530 739 360 855 727 302 745 326 987 420 616 226 282 850 838 956 251 889 433 305 780 631 880 516 779 678 680 399 64 573 624 518 361 81 692 168 763 427 486 506 819 698 348 692 140 663 295 100 851 824 381 838 1039 389 225 473 903 791 848 819 693 439 621 483 849 756; 406 329 649 315 618 123 286 365 64 499 548 287 262 319 120 793 289 389 352 693 694 173 559 0 599 388 324 340 318 258 754 713 608 204 96 567 352 592 358 649 342 695 664 409 291 183 596 340 479 205 359 645 590 82 609 480 403 639 510 391 716 696 110 420 710 145 257 931 546 660 531 512 410 484 285 394 657 185 446 368 640 302 311 338 589 717 67 647 718 450; 550 448 659 455 555 582 793 666 625 353 672 367 728 613 703 249 877 546 433 228 162 530 530 599 0 436 304 681 488 482 216 337 613 405 569 730 340 415 955 529 584 401 168 269 599 502 455 272 407 802 389 184 492 671 106 127 231 558 265 490 236 210 623 186 304 658 391 343 649 134 236 432 583 467 333 579 655 574 660 231 457 899 887 936 205 223 616 98 338 401; 649 59 300 74 789 288 427 241 366 137 808 413 355 625 505 517 657 635 36 396 590 465 739 388 436 0 379 264 85 495 482 716 252 344 300 848 457 210 670 262 625 324 583 451 196 206 208 230 96 564 60 583 737 467 376 321 401 804 199 602 419 626 482 283 377 343 405 765 795 413 538 651 147 99 359 144 304 507 735 284 253 621 560 655 299 643 354 527 372 71; 295 349 676 346 410 354 574 531 367 399 447 66 524 323 412 537 584 285 352 469 373 227 360 324 304 379 0 529 375 183 500 399 627 120 330 496 78 501 678 601 302 558 341 91 447 304 527 158 421 517 320 321 358 385 352 216 80 425 352 239 487 372 326 175 517 424 87 615 430 403 211 272 498 464 40 487 679 271 398 125 555 623 633 659 382 392 361 331 539 397; 723 235 370 226 912 221 195 39 282 397 875 531 132 654 419 781 516 707 253 660 825 494 855 340 681 264 529 0 194 562 747 917 344 437 252 900 593 443 476 438 671 563 810 617 84 227 422 428 345 426 296 803 871 389 635 557 582 931 463 694 683 851 449 505 636 209 510 1019 870 675 728 785 152 306 494 143 381 519 779 483 468 438 346 466 563 869 274 764 626 328; 620 40 339 33 780 209 343 179 288 221 779 396 272 581 432 593 578 606 61 474 635 417 727 318 488 85 375 194 0 460 558 741 295 313 225 814 448 293 586 333 586 409 623 456 117 136 287 247 180 483 102 619 732 394 441 365 412 796 275 579 497 664 418 317 460 259 381 825 768 482 556 645 124 169 347 112 346 455 698 303 334 537 476 571 373 683 277 573 456 156; 162 448 793 440 361 347 543 577 319 551 319 118 512 142 296 720 448 147 461 652 523 89 302 258 482 495 183 562 460 0 683 487 746 151 316 354 148 655 568 744 131 727 485 223 492 345 674 315 560 402 441 458 333 282 536 399 251 382 519 135 670 507 199 355 696 396 104 769 310 587 328 257 580 590 169 567 798 111 240 300 708 515 557 548 562 526 319 494 716 532; 764 519 609 531 767 708 896 722 766 355 888 565 826 820 868 39 1042 759 496 94 312 719 745 754 216 482 500 747 558 683 0 514 572 582 703 946 548 361 1100 458 793 286 342 480 675 619 401 415 413 959 458 370 704 833 149 287 436 768 283 704 76 373 800 341 162 780 584 334 865 97 450 648 617 468 522 618 601 765 874 397 381 1045 1012 1082 184 375 756 273 196 422; 445 707 978 709 316 753 973 913 762 668 492 426 923 559 779 533 935 452 701 557 203 571 326 713 337 716 399 917 741 487 514 0 930 515 729 551 361 744 1052 859 517 738 174 309 833 699 783 495 715 886 658 153 264 759 443 405 336 305 585 402 559 142 683 433 636 823 455 373 466 461 190 268 857 772 438 849 976 598 536 438 790 998 1024 1032 540 143 758 247 672 702; 901 298 49 308 1036 491 539 306 570 263 1059 664 475 873 716 596 844 887 285 479 775 710 987 608 613 252 627 344 295 746 572 930 0 595 512 1099 705 212 819 128 875 304 778 692 335 430 171 472 216 750 309 785 981 679 524 525 639 1049 349 854 497 821 712 505 419 520 656 898 1046 540 765 896 206 164 610 221 52 750 985 521 197 779 690 808 422 835 559 711 393 234; 308 298 642 291 476 242 460 446 248 404 466 96 414 286 298 621 472 293 310 536 491 142 420 204 405 344 120 437 313 151 582 515 595 0 215 505 161 508 560 594 282 587 460 208 360 211 525 180 410 401 290 441 435 268 433 297 199 495 382 266 557 492 219 241 570 308 73 730 455 486 329 349 435 439 81 422 647 190 391 185 561 504 513 540 438 512 242 446 586 382; 475 241 553 226 674 31 245 273 67 420 624 310 200 402 207 742 360 458 265 635 683 243 616 96 569 300 330 252 225 316 703 729 512 215 0 648 376 508 397 558 419 616 658 420 196 95 509 299 394 268 279 642 639 169 563 444 401 694 442 450 658 693 205 384 643 94 284 909 620 613 541 556 313 393 290 298 561 267 527 339 553 342 318 379 529 714 55 630 647 366; 202 802 1147 794 244 679 840 920 630 892 61 443 828 248 538 979 608 214 815 941 695 407 226 567 730 848 496 900 814 354 946 551 1099 505 648 0 422 995 757 1091 231 1053 653 474 838 694 1019 651 907 617 793 619 288 548 814 693 527 262 847 257 955 650 465 665 1001 711 445 918 86 858 503 307 933 942 500 919 1151 383 121 620 1049 719 803 741 868 664 634 697 1026 881; 224 424 754 420 333 403 620 598 403 477 372 66 575 273 422 584 585 217 429 528 376 218 282 352 340 457 78 593 448 148 548 361 705 161 376 422 0 578 694 679 245 630 339 75 513 366 604 237 499 529 397 313 284 399 405 274 112 349 425 166 544 362 328 243 582 468 95 622 354 454 185 197 572 542 101 560 757 254 332 199 631 639 663 674 448 382 399 346 606 475; 794 268 252 283 893 498 624 410 575 104 948 553 553 794 712 386 867 783 243 267 575 644 850 592 415 210 501 443 293 655 361 744 212 508 508 995 578 0 879 114 786 120 583 546 392 413 42 345 114 774 234 595 834 673 318 347 490 903 163 740 285 625 679 345 213 552 554 686 931 329 596 753 293 137 496 300 246 689 891 379 54 830 765 864 215 637 563 513 193 142; 670 615 846 600 894 395 285 515 334 803 766 633 344 548 273 1138 151 655 640 1031 1051 481 838 358 955 670 678 476 586 568 1100 1052 819 560 397 757 694 879 0 902 589 994 1019 759 494 485 870 691 766 166 665 998 885 295 958 834 758 918 836 681 1054 1049 369 774 1035 329 603 1288 775 1008 878 820 618 749 640 604 858 459 654 724 917 56 136 20 925 1070 344 1005 1036 741; 890 320 154 334 1000 541 631 401 621 204 1046 648 562 880 764 478 908 877 299 366 688 723 956 649 529 262 601 438 333 744 458 859 128 594 558 1091 679 114 902 0 875 179 697 652 408 466 77 443 184 814 306 709 942 726 431 460 597 1011 275 837 382 739 744 454 299 585 646 789 1030 438 709 860 287 165 591 299 145 767 983 483 77 857 778 889 327 751 609 627 270 212; 82 576 921 567 306 451 623 690 406 682 206 240 604 44 335 829 449 69 590 770 597 177 251 342 584 625 302 671 586 131 793 517 875 282 419 231 245 786 589 875 0 855 556 316 607 464 805 444 691 431 572 525 302 336 649 516 357 329 647 115 787 569 249 477 819 487 233 840 204 699 393 253 703 721 295 689 926 158 111 425 839 542 607 570 684 587 409 579 841 663; 853 380 333 395 926 608 744 530 683 197 1002 617 672 869 815 302 976 844 355 201 551 728 889 695 401 324 558 563 409 727 286 738 304 587 616 1053 630 120 994 179 855 0 567 586 512 521 147 411 228 883 338 585 864 776 295 371 530 933 208 796 212 607 774 388 125 667 623 620 983 287 614 789 413 257 560 420 324 774 956 433 108 945 883 979 201 616 671 494 92 254; 501 585 824 590 443 677 896 801 703 516 592 390 838 593 752 364 921 503 575 383 42 555 433 664 168 583 341 810 623 485 342 174 778 460 658 653 339 583 1019 697 556 567 0 266 726 608 623 383 567 858 530 33 381 725 272 262 262 439 429 446 385 43 662 306 463 751 419 285 567 287 163 346 729 626 379 723 821 593 607 329 626 964 970 1000 373 60 696 74 498 558; 284 427 741 426 348 445 665 618 456 449 420 126 615 346 489 516 655 279 428 467 302 290 305 409 269 451 91 617 456 223 480 309 692 208 420 474 75 546 759 652 316 586 266 0 535 395 576 221 479 595 391 241 290 464 342 219 56 359 387 224 482 292 397 201 526 514 156 547 399 388 122 208 578 528 130 568 742 328 394 171 599 703 720 739 395 312 450 270 553 458; 655 157 370 146 836 168 232 86 242 333 809 453 161 594 387 710 509 638 178 590 742 431 780 291 599 196 447 84 117 492 675 833 335 360 196 838 513 392 494 408 607 512 726 535 0 149 378 344 286 415 219 719 794 353 558 474 498 854 392 621 614 767 400 422 573 185 433 939 802 599 644 707 129 258 414 114 380 460 717 399 426 449 374 481 491 786 232 681 567 265; 507 147 473 133 687 90 292 235 162 325 663 305 230 454 299 657 455 491 171 546 629 289 631 183 502 206 304 227 136 345 619 699 430 211 95 694 366 413 485 466 464 521 608 395 149 0 414 231 299 362 184 597 645 261 484 375 364 705 351 472 570 646 282 316 550 161 283 845 655 532 509 559 242 301 269 227 480 324 575 280 459 432 393 468 441 666 150 572 553 271; 817 268 210 282 924 495 609 388 574 128 973 576 538 812 714 425 865 805 244 308 615 658 880 596 455 208 527 422 287 674 401 783 171 525 509 1019 604 42 870 77 805 147 623 576 378 414 0 369 118 771 242 634 865 675 360 383 520 934 198 764 326 665 687 377 250 546 575 728 956 371 631 784 270 121 519 279 204 703 912 407 47 822 752 855 256 678 562 553 227 148; 449 213 521 214 564 311 523 421 357 242 604 208 460 457 453 454 627 438 210 360 400 322 516 340 272 230 158 428 247 315 415 495 472 180 299 651 237 345 691 443 444 411 383 221 344 231 369 0 263 545 170 375 509 418 269 146 171 577 204 395 382 423 389 86 391 386 212 614 588 320 311 424 364 308 151 355 523 370 548 56 399 635 616 672 259 442 348 342 407 240; 706 154 265 169 826 383 518 316 460 59 863 466 446 696 598 445 753 694 129 322 567 541 779 479 407 96 421 345 180 560 413 715 216 410 394 907 499 114 766 184 691 228 567 479 286 299 118 263 0 659 124 572 770 559 329 310 425 838 145 655 344 610 568 289 291 439 462 716 848 356 549 686 205 60 409 208 265 585 799 308 160 717 655 751 236 625 448 503 282 29; 511 505 784 490 735 276 272 461 201 687 618 469 301 393 108 998 95 495 530 896 890 315 678 205 802 564 517 426 483 402 959 886 750 401 268 617 529 774 166 814 431 883 858 595 415 362 771 545 659 0 546 836 723 133 814 685 598 758 708 518 919 887 204 625 909 231 440 1130 624 865 714 655 544 652 480 529 794 295 506 573 817 113 188 146 791 907 212 846 914 632; 593 62 358 73 730 272 439 278 346 141 751 355 368 575 478 494 638 580 45 377 540 418 680 359 389 60 320 296 102 441 458 658 309 290 279 793 397 234 665 306 572 338 530 391 219 184 242 170 124 546 0 528 677 440 339 269 341 744 177 545 400 572 445 227 371 336 348 724 738 380 479 591 199 149 301 193 361 461 682 225 284 613 563 648 274 590 334 477 371 95; 469 582 832 586 410 663 883 795 686 523 559 367 826 563 729 393 897 471 573 405 75 530 399 645 184 583 321 803 619 458 370 153 785 441 642 619 313 595 998 709 525 585 33 241 719 597 634 375 572 836 528 0 348 704 290 264 243 407 438 414 409 51 638 302 484 736 396 315 534 309 133 313 728 631 360 721 830 566 575 320 639 943 952 978 388 72 679 97 519 562; 220 707 1030 704 64 669 874 879 651 738 229 341 839 345 620 732 750 233 711 717 422 421 64 590 492 737 358 871 732 333 704 264 981 435 639 288 284 834 885 942 302 864 381 290 794 645 865 509 770 723 677 348 0 611 590 493 345 69 672 205 727 372 525 488 788 726 362 633 203 626 256 87 856 817 385 844 1032 430 287 461 886 836 887 866 665 383 650 436 818 748; 411 408 718 393 631 189 292 418 111 580 538 338 289 305 39 872 209 394 431 774 757 192 573 82 671 467 385 389 394 282 833 759 679 268 169 548 399 673 295 726 336 776 725 464 353 261 675 418 559 133 440 704 611 0 686 555 465 654 591 407 796 755 88 496 792 180 308 997 540 738 583 539 477 562 347 462 727 184 429 442 719 240 276 275 669 775 121 713 800 531; 625 401 567 411 653 571 768 615 624 271 758 418 700 674 721 188 895 620 382 128 259 570 624 609 106 376 352 635 441 536 149 443 524 433 563 814 405 318 958 431 649 295 272 342 558 484 360 269 329 814 339 290 590 686 0 138 293 657 184 565 141 313 651 192 199 645 436 389 736 52 334 525 521 388 373 519 563 616 735 248 357 903 876 940 104 323 614 199 232 329; 498 326 573 333 555 456 666 544 502 264 639 281 601 539 589 325 764 491 314 254 271 432 518 480 127 321 216 557 365 399 287 405 525 297 444 693 274 347 834 460 516 371 262 219 474 375 383 146 310 685 269 264 493 555 138 0 165 563 185 439 271 305 516 61 308 532 299 470 618 190 249 419 467 368 235 462 571 479 606 113 397 779 762 816 176 322 493 208 334 298; 333 381 688 381 403 423 644 580 443 393 474 139 590 384 493 473 664 327 380 417 293 305 361 403 231 401 80 582 412 251 436 336 639 199 401 527 112 490 758 597 357 530 262 56 498 364 520 171 425 598 341 243 345 465 293 165 0 414 331 274 433 294 406 145 473 495 165 534 454 342 146 264 533 475 118 523 689 347 442 118 542 702 709 738 341 315 436 251 499 405; 248 773 1098 769 24 724 925 940 701 807 208 403 893 371 659 795 778 263 777 784 479 468 81 639 558 804 425 931 796 382 768 305 1049 495 694 262 349 903 918 1011 329 933 439 359 854 705 934 577 838 758 744 407 69 654 657 563 414 0 742 248 793 425 566 557 855 778 422 678 185 692 324 153 920 885 449 909 1100 470 290 530 955 871 929 899 734 435 701 498 886 816; 647 236 395 249 733 441 615 440 508 88 797 409 544 661 629 319 797 637 213 200 426 523 692 510 265 199 352 463 275 519 283 585 349 382 442 847 425 163 836 275 647 208 429 387 392 351 198 204 145 708 177 438 672 591 184 185 331 742 0 590 223 472 578 186 201 509 415 573 779 215 434 594 339 204 353 339 392 571 748 227 214 783 738 819 100 486 497 363 209 145; 60 561 902 555 226 481 677 707 453 637 208 190 647 157 415 738 549 58 571 690 487 220 168 391 490 602 239 694 579 135 704 402 854 266 450 257 166 740 681 837 115 796 446 224 621 472 764 395 655 518 545 414 205 407 565 439 274 248 590 0 705 456 321 409 746 531 198 729 193 612 284 142 701 693 246 688 906 225 170 364 793 631 683 662 613 474 454 474 771 630; 765 459 532 472 791 660 839 657 723 287 899 552 768 810 833 102 1005 760 436 24 361 697 763 716 236 419 487 683 497 670 76 559 497 557 658 955 544 285 1054 382 787 212 385 482 614 570 326 382 344 919 400 409 727 796 141 271 433 793 223 705 0 420 770 318 88 730 568 409 877 102 471 664 548 396 504 551 525 744 875 374 305 1000 960 1036 129 426 712 312 124 356; 509 627 867 632 431 713 933 842 737 559 590 417 876 608 780 391 947 512 617 419 61 580 427 696 210 626 372 851 664 507 373 142 821 492 693 650 362 625 1049 739 569 607 43 292 767 646 665 423 610 887 572 51 372 755 313 305 294 425 472 456 420 0 688 347 500 787 447 273 564 324 179 346 771 669 411 766 864 615 613 369 667 994 1004 1030 414 20 730 113 536 601; 323 424 754 411 544 233 375 475 168 580 452 272 363 220 97 839 259 306 445 749 696 112 486 110 623 482 326 449 418 199 800 683 712 219 205 465 328 679 369 744 249 774 662 397 400 282 687 389 568 204 445 638 525 88 651 516 406 566 578 321 770 688 0 459 776 248 243 940 453 703 513 454 517 580 292 502 762 96 346 403 729 316 363 349 647 709 175 657 787 539; 467 280 553 284 548 396 608 495 441 251 614 238 544 496 530 380 704 458 270 298 320 380 506 420 186 283 175 505 317 355 341 433 505 241 384 665 243 345 774 454 477 388 306 201 422 316 377 86 289 625 227 302 488 496 192 61 145 557 186 409 318 347 459 0 343 472 251 529 595 245 261 408 426 343 187 419 553 427 572 57 398 718 701 755 208 366 432 259 365 272; 806 425 452 439 851 641 803 607 709 240 946 580 732 838 829 179 998 798 400 82 442 713 819 710 304 377 517 636 460 696 162 636 419 570 643 1001 582 213 1035 299 819 125 463 526 573 550 250 391 291 909 371 484 788 792 199 308 473 855 201 746 88 500 776 343 0 707 592 496 925 176 532 720 494 337 528 498 444 760 913 396 224 982 933 1018 135 507 697 389 36 309; 550 287 554 272 757 76 151 240 81 474 693 403 117 463 210 818 325 533 312 707 776 315 698 145 658 343 424 209 259 396 780 823 520 308 94 711 468 552 329 585 487 667 751 514 185 161 546 386 439 231 336 736 726 180 645 532 495 778 509 531 730 787 248 472 707 0 375 999 691 693 635 644 314 426 385 299 565 329 590 430 593 278 232 313 602 807 78 722 707 413; 245 363 704 357 404 312 526 518 308 450 403 30 484 247 333 622 502 232 373 549 453 140 348 257 391 405 87 510 381 104 584 455 656 73 284 445 95 554 603 646 233 623 419 156 433 283 575 212 462 440 348 396 362 308 436 299 165 422 415 198 568 447 243 251 592 375 0 697 390 487 275 276 505 497 64 492 708 184 338 196 608 548 569 583 458 467 305 415 612 436; 782 785 937 794 688 924 1136 1002 962 658 857 670 1071 878 1027 323 1198 785 768 423 246 836 692 931 343 765 615 1019 825 769 334 373 898 730 909 918 622 686 1288 789 840 620 285 547 939 845 728 614 716 1130 724 315 633 997 389 470 534 678 573 729 409 273 940 529 496 999 697 0 832 361 448 617 910 775 650 908 930 875 885 570 712 1232 1227 1269 481 256 954 284 530 718; 148 753 1094 746 164 651 827 886 610 829 26 383 808 235 535 897 628 164 763 863 609 377 140 546 649 795 430 870 768 310 865 466 1046 455 620 86 354 931 775 1030 204 983 567 399 802 655 956 588 848 624 738 534 203 540 736 618 454 185 779 193 877 564 453 595 925 691 390 832 0 779 419 222 889 886 439 876 1098 362 121 553 985 732 806 757 794 578 613 612 952 823; 672 442 581 453 690 619 814 653 675 297 801 469 745 724 773 136 947 667 422 96 266 622 663 660 134 413 403 675 482 587 97 461 540 486 613 858 454 329 1008 438 699 287 287 388 599 532 371 320 356 865 380 309 626 738 52 190 342 692 215 612 102 324 703 245 176 693 487 361 779 0 369 564 554 415 425 554 575 668 782 301 362 953 925 990 120 332 664 214 212 360; 340 523 814 525 320 564 785 726 577 509 444 245 733 431 607 480 771 341 520 461 204 403 295 531 236 538 211 728 556 328 450 190 765 329 541 503 185 596 878 709 393 614 163 122 644 509 631 311 549 714 479 133 256 583 334 249 146 324 434 284 471 179 513 261 532 635 275 448 419 369 0 199 675 603 251 666 814 437 448 255 646 823 841 858 413 199 572 194 563 532; 177 620 945 617 140 585 793 793 570 656 247 254 756 296 550 678 690 186 624 653 388 346 100 512 432 651 272 785 645 257 648 268 896 349 556 307 197 753 820 860 253 789 346 208 707 559 784 424 686 655 591 313 87 539 525 419 264 153 594 142 664 346 454 408 720 644 276 617 222 564 199 0 769 732 297 757 947 360 270 378 806 769 814 800 593 361 569 390 749 664; 741 152 242 153 904 289 344 117 366 262 899 520 276 696 513 649 638 726 156 526 737 531 851 410 583 147 498 152 124 580 617 857 206 435 313 933 572 293 618 287 703 413 729 578 129 242 270 364 205 544 199 728 856 477 521 467 533 920 339 701 548 771 517 426 494 314 505 910 889 554 675 769 0 158 471 15 251 566 815 420 316 575 492 606 437 789 356 674 480 195; 742 156 213 169 872 378 489 274 457 118 900 503 418 723 600 498 747 729 135 375 627 563 824 484 467 99 464 306 169 590 468 772 164 439 393 942 542 137 749 165 721 257 626 528 258 301 121 308 60 652 149 631 817 562 388 368 475 885 204 693 396 669 580 343 337 426 497 775 886 415 603 732 158 0 448 164 215 605 831 357 168 702 631 735 294 684 446 563 323 71; 299 324 658 320 433 315 535 499 328 392 454 57 486 311 376 560 549 287 330 485 410 198 381 285 333 359 40 494 347 169 522 438 610 81 290 500 101 496 640 591 295 560 379 130 414 269 519 151 409 480 301 360 385 347 373 235 118 449 353 246 504 411 292 187 528 385 64 650 439 425 251 297 471 448 0 460 661 244 397 132 549 585 593 621 393 431 322 367 548 383; 728 142 257 142 892 273 332 110 351 264 885 507 263 681 497 651 623 713 149 528 732 516 838 394 579 144 487 143 112 567 618 849 221 422 298 919 560 300 604 299 689 420 723 568 114 227 279 355 208 529 193 721 844 462 519 462 523 909 339 688 551 766 502 419 498 299 492 908 876 554 666 757 15 164 460 0 267 551 801 411 325 562 480 592 437 783 340 669 486 196; 953 350 13 360 1087 538 575 343 617 307 1111 716 514 925 763 622 888 939 337 508 816 762 1039 657 655 304 679 381 346 798 601 976 52 647 561 1151 757 246 858 145 926 324 821 742 380 480 204 523 265 794 361 830 1032 727 563 571 689 1100 392 906 525 864 762 553 444 565 708 930 1098 575 814 947 251 215 661 267 0 801 1037 571 220 819 727 847 459 877 606 753 415 284; 228 453 794 442 447 298 465 540 248 587 364 208 447 135 190 804 337 211 471 724 629 47 389 185 574 507 271 519 455 111 765 598 750 190 267 383 254 689 459 767 158 774 593 328 460 324 703 370 585 295 461 566 430 184 616 479 347 470 571 225 744 615 96 427 760 329 184 875 362 668 437 360 566 605 244 551 801 0 262 370 742 408 459 440 628 635 252 596 776 556; 110 687 1032 679 267 558 721 799 509 788 112 340 707 127 422 909 507 115 701 859 649 287 225 446 660 735 398 779 698 240 874 536 985 391 527 121 332 891 654 983 111 956 607 394 717 575 912 548 799 506 682 575 287 429 735 606 442 290 748 170 875 613 346 572 913 590 338 885 121 782 448 270 815 831 397 801 1037 262 0 523 945 613 690 637 779 629 513 641 936 772; 420 269 570 271 518 354 570 477 393 279 571 185 509 443 476 436 651 411 265 354 349 323 473 368 231 284 125 483 303 300 397 438 521 185 339 620 199 379 724 483 425 433 329 171 399 280 407 56 308 573 225 320 461 442 248 113 118 530 227 364 374 369 403 57 396 430 196 570 553 301 255 378 420 357 132 411 571 370 523 0 433 668 656 705 261 388 384 293 416 287; 848 313 229 327 945 541 655 433 619 158 1002 607 585 847 758 402 911 836 288 289 615 696 903 640 457 253 555 468 334 708 381 790 197 561 553 1049 631 54 917 77 839 108 626 599 426 459 47 399 160 817 284 639 886 719 357 397 542 955 214 793 305 667 729 398 224 593 608 712 985 362 646 806 316 168 549 325 220 742 945 433 0 869 799 902 254 679 607 555 196 190; 623 565 807 550 847 341 253 477 279 752 724 578 306 503 220 1084 124 607 590 977 995 428 791 302 899 621 623 438 537 515 1045 998 779 504 342 719 639 830 56 857 542 945 964 703 449 432 822 635 717 113 613 943 836 240 903 779 702 871 783 631 1000 994 316 718 982 278 548 1232 732 953 823 769 575 702 585 562 819 408 613 668 869 0 117 37 871 1014 289 949 984 691; 684 508 715 494 906 306 152 385 267 696 801 598 217 572 272 1050 236 668 533 937 997 467 848 311 887 560 633 346 476 557 1012 1024 690 513 318 803 663 765 136 778 607 883 970 720 374 393 752 616 655 188 563 952 887 276 876 762 709 929 738 683 960 1004 363 701 933 232 569 1227 806 925 841 814 492 631 593 480 727 459 690 656 799 117 0 131 832 1024 274 946 931 631; 651 599 835 585 875 377 277 504 315 787 748 613 334 530 253 1120 136 636 625 1013 1031 461 819 338 936 655 659 466 571 548 1082 1032 808 540 379 741 674 864 20 889 570 979 1000 739 481 468 855 672 751 146 648 978 866 275 940 816 738 899 819 662 1036 1030 349 755 1018 313 583 1269 757 990 858 800 606 735 621 592 847 440 637 705 902 37 131 0 908 1050 326 985 1019 726; 672 334 465 347 728 531 713 539 594 178 814 446 642 704 707 220 878 664 312 105 362 580 693 589 205 299 382 563 373 562 184 540 422 438 529 868 448 215 925 327 684 201 373 395 491 441 256 259 236 791 274 388 665 669 104 176 341 734 100 613 129 414 647 208 135 602 458 481 794 120 413 593 437 294 393 437 459 628 779 261 254 871 832 908 0 425 583 301 158 242; 526 645 881 650 442 733 954 860 758 573 603 438 896 626 800 392 967 530 634 426 65 600 439 717 223 643 392 869 683 526 375 143 835 512 714 664 382 637 1070 751 587 616 60 312 786 666 678 442 625 907 590 72 383 775 323 322 315 435 486 474 426 20 709 366 507 807 467 256 578 332 199 361 789 684 431 783 877 635 629 388 679 1014 1024 1050 425 0 751 124 543 616; 472 295 597 280 680 68 224 301 12 475 615 333 195 387 157 795 305 455 319 688 723 237 621 67 616 354 361 274 277 319 756 758 559 242 55 634 399 563 344 609 409 671 696 450 232 150 562 348 448 212 334 679 650 121 614 493 436 701 497 454 712 730 175 432 697 78 305 954 613 664 572 569 356 446 322 340 606 252 513 384 607 289 274 326 583 751 0 673 702 420; 532 534 757 540 500 647 863 752 681 450 637 388 801 613 743 297 915 531 522 309 64 555 483 647 98 527 331 764 573 494 273 247 711 446 630 697 346 513 1005 627 579 494 74 270 681 572 553 342 503 846 477 97 436 713 199 208 251 498 363 474 312 113 657 259 389 722 415 284 612 214 194 390 674 563 367 669 753 596 641 293 555 949 946 985 301 124 673 0 425 496; 830 423 424 437 881 643 798 595 714 235 973 602 726 859 838 210 1004 822 397 118 478 729 849 718 338 372 539 626 456 716 196 672 393 586 647 1026 606 193 1036 270 841 92 498 553 567 553 227 407 282 914 371 519 818 800 232 334 499 886 209 771 124 536 787 365 36 707 612 530 952 212 563 749 480 323 548 486 415 776 936 416 196 984 931 1019 158 543 702 425 0 302; 680 127 283 142 804 356 496 301 432 69 837 440 424 667 569 456 725 667 102 333 560 512 756 450 401 71 397 328 156 532 422 702 234 382 366 881 475 142 741 212 663 254 558 458 265 271 148 240 29 632 95 562 748 531 329 298 405 816 145 630 356 601 539 272 309 413 436 718 823 360 532 664 195 71 383 196 284 556 772 287 190 691 631 726 242 616 420 496 302 0]
th = [10, 9, 1, 5, 0, 5, 9, 9, 10, 4, 3, 4, 6, 0, 4, 2, 5, 3, 4, 8, 2, 8, 6, 9, 4, 8, 6, 1, 1, 3, 7, 5, 0, 9, 6, 6, 1, 0, 10, 9, 8, 10, 6, 2, 7, 5, 10, 2, 1, 10, 8, 3, 3, 0, 6, 1, 1, 9, 5, 1, 2, 5, 4, 5, 7, 3, 1, 3, 0, 8, 7, 9, 9, 8, 5, 3, 5, 5, 4, 4, 2, 7, 2, 7, 8, 7, 6, 4, 1, 2]
T = 10
d = [0, 2, 9, 7, 1, 7, 3, 8, 8, 5, 3, 8, 10, 3, 1, 4, 8, 9, 4, 6, 0, 2, 4, 6, 4, 8, 2, 9, 8, 5, 6, 3, 7, 4, 10, 4, 7, 5, 3, 9, 2, 0, 5, 9, 8, 2, 1, 4, 5, 3, 3, 9, 6, 3, 3, 2, 8, 3, 3, 2, 1, 6, 9, 6, 4, 9, 1, 3, 9, 3, 1, 2, 4, 5, 6, 7, 7, 8, 3, 4, 9, 9, 3, 8, 6, 7, 7, 1, 6, 7]
C = 20
