n = 95
t = [0 747 55 499 744 665 714 826 436 409 646 164 755 463 593 595 809 255 765 115 75 615 500 712 716 552 330 666 52 117 293 694 405 340 224 391 299 140 214 772 434 702 727 255 748 642 374 766 510 723 542 530 291 234 128 793 410 267 414 402 198 221 516 464 809 813 332 263 756 430 373 98 257 257 370 535 161 386 666 577 772 323 662 718 228 803 744 106 137 347 469 694 425 418 520; 747 0 770 439 652 329 299 79 441 1032 134 897 267 877 387 623 115 618 709 761 784 163 620 572 639 864 668 628 780 708 467 857 902 966 845 625 991 799 859 28 864 104 580 1000 699 733 472 60 391 446 732 464 1016 717 620 78 717 725 997 728 656 567 257 875 170 159 1024 790 784 821 604 749 642 871 1075 558 907 721 122 825 88 460 332 219 582 56 688 838 878 1084 328 260 1146 1124 837; 55 770 0 546 718 665 715 849 483 354 675 127 759 413 639 569 825 235 736 65 118 646 554 692 691 505 297 641 14 173 307 652 351 285 268 446 250 85 254 796 383 731 707 231 719 607 420 792 507 713 505 579 252 289 163 820 466 322 359 362 174 267 531 413 822 826 283 315 721 484 427 54 230 299 326 514 157 347 683 632 789 330 661 755 221 826 716 128 144 314 507 733 386 374 474; 499 439 546 0 868 604 617 499 66 891 305 662 621 850 100 765 547 540 916 575 494 278 182 799 845 893 635 809 548 404 372 967 830 819 487 202 796 614 509 451 825 343 813 737 900 863 127 417 532 722 806 44 788 350 390 437 288 343 881 721 537 279 388 849 586 581 829 410 957 393 189 556 564 503 869 683 626 708 444 387 512 412 604 285 478 482 891 549 591 836 150 243 921 916 859; 744 652 718 868 0 323 358 695 820 729 691 792 406 472 891 150 594 488 58 661 817 688 1012 80 27 384 425 78 732 806 546 267 553 697 957 944 786 674 953 674 484 715 73 896 51 170 794 711 337 213 262 912 852 900 685 730 1020 929 670 390 546 745 493 470 537 551 805 963 144 1094 915 666 488 991 857 212 868 400 538 1188 587 495 320 828 527 680 41 844 861 927 722 849 934 893 380; 665 329 665 604 323 0 58 376 570 826 377 776 113 619 604 310 281 446 380 629 727 380 772 243 310 578 450 302 677 681 385 540 668 771 838 729 828 658 842 352 614 396 252 887 370 416 563 388 158 124 437 645 873 742 562 407 816 763 779 479 503 572 218 617 234 246 856 815 456 907 701 624 463 870 910 263 821 478 217 967 268 345 4 512 444 359 359 771 801 949 455 538 988 956 557; 714 299 715 617 358 58 0 337 588 884 366 828 56 676 607 362 236 500 416 682 773 374 789 279 349 634 507 347 728 723 428 588 725 828 879 754 884 712 885 319 672 377 286 939 408 465 587 359 212 147 492 655 928 779 607 375 843 798 837 536 556 609 241 674 184 197 912 852 496 937 726 676 518 911 966 319 871 535 199 988 229 391 62 497 495 322 397 819 850 1003 469 527 1044 1012 612; 826 79 849 499 695 376 337 0 508 1108 200 976 294 947 436 680 109 694 753 840 862 231 678 616 684 930 742 678 859 786 546 913 976 1042 920 691 1070 878 935 54 936 155 622 1079 744 788 543 82 458 484 795 519 1095 791 699 70 782 798 1073 799 734 643 334 946 172 158 1102 863 831 887 671 828 719 946 1154 619 986 793 189 881 108 538 379 248 660 23 733 917 956 1163 399 294 1225 1203 903; 436 441 483 66 820 570 588 508 0 826 308 600 597 785 157 711 544 476 865 510 436 278 202 753 796 830 571 758 485 346 310 908 764 754 442 184 732 549 462 457 760 354 768 679 850 807 63 429 484 683 746 107 726 305 325 451 276 303 816 658 471 216 352 784 577 573 766 370 903 380 163 491 500 461 806 629 569 644 428 402 507 352 569 317 413 489 841 492 534 777 122 280 860 854 796; 409 1032 354 891 729 826 884 1108 826 0 965 278 938 261 978 595 1057 414 719 316 450 939 908 742 707 369 378 662 357 525 580 539 177 72 574 800 143 278 551 1060 246 1018 753 301 705 568 764 1068 679 821 468 927 212 636 501 1095 813 667 61 357 382 615 775 264 1035 1043 130 645 662 815 782 335 390 596 157 587 370 354 924 972 1027 575 822 1067 457 1085 708 420 395 260 827 1053 222 175 359; 646 134 675 305 691 377 366 200 308 965 0 802 352 839 259 633 244 554 746 675 675 32 487 612 673 843 620 652 683 594 385 863 851 896 723 492 909 715 739 149 822 56 623 901 734 742 342 125 384 501 722 331 925 592 518 151 583 598 936 691 583 450 220 837 288 281 942 664 810 688 471 661 580 748 991 558 802 682 168 691 209 392 379 137 508 181 723 730 771 989 199 161 1058 1041 813; 164 897 127 662 792 776 828 976 600 278 802 0 874 417 757 643 949 332 802 147 180 773 648 777 766 523 368 716 120 265 432 686 337 220 296 540 146 121 274 923 388 858 791 111 786 663 537 919 617 813 556 691 127 366 288 947 542 396 302 411 273 385 654 418 943 948 176 368 775 537 525 153 320 319 208 599 99 399 807 696 914 451 772 881 334 952 784 143 118 187 632 858 261 255 497; 755 267 759 621 406 113 56 294 597 938 352 874 0 732 602 417 189 549 463 728 811 364 798 328 398 690 560 399 771 757 465 642 780 880 912 769 934 759 919 284 727 354 333 985 456 519 602 327 262 193 548 657 977 806 643 339 860 824 891 592 604 637 262 730 132 146 963 880 546 956 742 721 567 943 1017 375 913 590 184 999 188 431 117 475 540 282 445 858 891 1051 477 509 1094 1063 669; 463 877 413 850 472 619 676 947 785 261 839 417 732 0 919 349 878 310 458 349 531 819 919 494 452 112 222 410 423 572 486 284 90 245 679 818 350 332 663 905 30 887 504 494 446 307 731 922 492 589 212 891 425 691 494 948 859 724 201 149 319 604 625 2 845 855 359 726 401 892 793 365 285 710 404 360 514 157 758 1032 853 459 614 960 372 925 448 528 523 493 748 958 478 433 97; 593 387 639 100 891 604 607 436 157 978 259 757 602 919 0 801 500 610 941 663 593 240 250 818 869 954 700 838 641 502 434 1014 906 906 587 295 888 703 609 393 897 284 831 835 927 904 220 354 557 726 857 94 883 450 479 369 375 442 965 785 614 372 399 919 547 539 922 509 991 479 286 645 635 603 963 719 725 772 418 448 468 468 604 201 549 422 917 647 690 933 178 155 1017 1011 920; 595 623 569 765 150 310 362 680 711 595 633 643 417 349 801 0 590 341 171 511 669 624 895 147 123 281 275 73 583 662 419 234 420 557 812 820 642 524 806 649 354 667 158 747 154 110 678 679 251 248 140 810 705 761 544 701 891 791 539 245 398 613 417 346 544 557 663 822 192 958 791 516 339 846 715 83 718 253 502 1061 575 369 306 769 383 661 149 695 711 781 626 783 793 753 266; 809 115 825 547 594 281 236 109 544 1057 244 949 189 878 500 590 0 648 651 808 853 269 730 515 585 851 683 582 836 784 518 821 914 994 928 727 1031 844 940 117 869 219 521 1056 643 697 568 163 386 381 713 575 1063 805 685 166 819 816 1017 731 694 646 295 876 63 50 1063 879 732 922 704 798 670 956 1116 536 970 727 143 934 38 501 285 332 622 102 632 906 943 1134 426 375 1189 1164 826; 255 618 235 540 488 446 500 694 476 414 554 332 549 310 610 341 648 0 511 187 329 530 621 458 461 359 99 411 248 326 179 467 301 348 471 527 386 213 465 646 286 607 473 443 494 396 423 653 288 481 306 582 428 433 215 681 583 465 382 187 61 309 361 309 631 638 417 488 509 636 500 186 26 505 470 280 391 172 511 757 616 162 442 665 64 671 489 358 378 503 441 657 546 518 324; 765 709 736 916 58 380 416 753 865 719 746 802 463 458 941 171 651 511 0 676 839 743 1055 137 73 361 439 108 749 833 584 226 542 691 982 984 785 685 976 732 473 772 130 903 17 151 837 768 385 271 255 960 853 932 715 787 1058 961 658 393 567 781 545 456 595 609 802 993 92 1128 955 683 508 1016 852 245 882 404 595 1227 645 533 378 883 554 738 24 863 877 928 771 903 929 886 362; 115 761 65 575 661 629 682 840 510 316 675 147 728 349 663 511 808 187 676 0 183 647 600 639 634 439 237 584 78 228 294 587 291 244 333 494 234 40 320 788 319 731 654 258 659 545 448 788 470 668 442 611 255 347 185 816 521 380 311 298 127 299 513 349 799 805 268 378 659 545 473 20 177 365 316 460 208 283 667 690 773 308 625 765 189 816 657 191 201 327 519 747 385 366 409; 75 784 118 494 817 727 773 862 436 450 675 180 811 531 593 669 853 329 839 183 0 644 469 784 789 623 405 740 108 91 346 767 467 385 151 360 325 200 139 808 501 730 799 243 822 716 375 797 574 789 617 521 300 187 169 824 364 218 464 476 272 230 565 531 858 860 356 200 831 370 347 169 331 183 386 607 132 460 711 523 815 382 724 735 296 839 818 56 99 342 488 707 430 431 592; 615 163 646 278 688 380 374 231 278 939 32 773 364 819 240 624 269 530 743 647 644 0 460 611 670 827 599 647 653 563 359 852 829 869 692 462 881 686 707 179 802 87 622 871 730 733 311 157 373 504 708 307 896 561 488 182 554 566 912 672 557 419 208 817 310 304 914 632 804 658 441 632 556 716 963 547 771 662 180 665 234 368 381 146 483 211 720 699 740 960 168 161 1029 1012 796; 500 620 554 182 1012 772 789 678 202 908 487 648 798 919 250 895 730 621 1055 600 469 460 0 949 987 980 720 947 551 385 479 1078 882 839 406 109 792 634 432 632 892 523 963 700 1039 984 218 597 680 884 914 159 767 287 427 615 143 263 911 808 600 315 553 918 768 763 824 318 1086 237 128 581 641 411 854 814 588 793 624 205 694 528 771 451 558 662 1031 514 553 801 321 405 893 898 945; 712 572 692 799 80 243 279 616 753 742 612 777 328 494 818 147 515 458 137 639 784 611 949 0 70 418 409 88 706 765 492 326 567 703 920 886 785 656 917 595 501 636 15 884 128 213 731 631 269 136 283 843 846 853 643 650 964 880 685 390 518 693 419 492 460 474 807 919 218 1042 856 642 462 953 860 179 846 397 459 1129 508 441 240 749 489 600 117 816 836 923 652 771 938 899 408; 716 639 691 845 27 310 349 684 796 707 673 766 398 452 869 123 585 461 73 634 789 670 987 70 0 366 398 50 705 779 519 260 531 673 930 919 761 647 925 662 462 700 69 870 61 154 769 698 314 206 240 889 826 873 658 717 994 902 649 365 519 718 472 450 530 544 781 936 148 1067 889 639 461 964 833 185 841 374 524 1162 576 469 307 811 499 669 50 817 834 902 699 830 911 870 361; 552 864 505 893 384 578 634 930 830 369 843 523 690 112 954 281 851 359 361 439 623 827 980 418 366 0 260 330 516 655 522 172 202 357 773 884 462 429 759 891 137 887 425 604 350 214 780 914 473 529 142 936 536 771 563 939 933 804 307 172 384 666 624 110 811 823 471 813 296 974 858 454 338 804 515 316 618 187 743 1107 830 486 574 972 422 909 355 626 625 604 778 975 588 542 34; 330 668 297 635 425 450 507 742 571 378 620 368 560 222 700 275 683 99 439 237 405 599 720 409 398 260 0 348 311 415 266 372 234 321 553 626 385 249 544 696 203 670 423 475 422 312 520 710 301 459 214 677 441 527 311 737 680 559 334 88 137 408 412 221 658 667 411 577 426 730 599 244 82 586 465 233 444 73 554 855 654 237 446 739 162 719 420 425 438 517 527 736 544 509 226; 666 628 641 809 78 302 347 678 758 662 652 716 399 410 838 73 582 411 108 584 740 647 947 88 50 330 348 0 655 730 476 244 486 626 881 876 713 597 876 652 418 682 95 820 92 126 729 685 281 214 197 853 777 826 610 706 950 855 604 316 469 673 445 407 530 543 733 888 158 1021 847 588 411 915 785 138 791 325 509 1119 570 425 299 790 451 661 84 767 783 853 666 807 863 822 321; 52 780 14 548 732 677 728 859 485 357 683 120 771 423 641 583 836 248 749 78 108 653 551 706 705 516 311 655 0 168 318 665 360 288 257 443 248 93 242 806 394 739 721 221 733 621 422 801 520 726 518 580 246 283 168 829 460 316 364 375 188 270 541 424 833 837 281 306 735 475 425 67 244 288 322 528 144 360 693 625 800 342 674 761 234 835 729 114 130 306 512 739 380 370 486; 117 708 173 404 806 681 723 786 346 525 594 265 757 572 502 662 784 326 833 228 91 563 385 765 779 655 415 730 168 0 296 786 519 457 158 276 408 257 162 732 543 649 780 333 816 722 285 718 534 755 629 430 388 119 123 745 293 152 532 495 279 144 503 573 793 795 440 162 835 320 260 210 335 191 473 594 222 479 643 461 746 339 678 648 279 763 811 146 188 433 403 619 520 519 622; 293 467 307 372 546 385 428 546 310 580 385 432 465 486 434 419 518 179 584 294 346 359 479 492 519 522 266 476 318 296 0 601 480 510 453 401 526 333 457 494 464 440 507 538 567 505 266 494 242 464 438 415 549 366 178 522 474 391 555 351 198 201 224 485 516 520 559 436 608 550 372 282 205 486 609 339 454 338 376 644 482 51 382 489 124 522 560 395 429 618 262 479 679 659 488; 694 857 652 967 267 540 588 913 908 539 863 686 642 284 1014 234 821 467 226 587 767 852 1078 326 260 172 372 244 665 786 601 0 374 529 918 990 633 583 906 883 307 900 328 772 221 125 867 912 479 458 164 1012 707 898 682 935 1049 931 478 292 508 773 645 282 772 785 643 948 141 1102 962 599 453 950 687 305 778 308 736 1224 807 556 536 998 527 895 229 777 781 776 837 1009 759 714 191; 405 902 351 830 553 668 725 976 764 177 851 337 780 90 906 420 914 301 542 291 467 829 882 567 531 202 234 486 360 519 480 374 0 155 612 778 260 267 594 930 70 902 578 408 529 392 707 943 529 652 291 870 336 637 455 971 811 671 118 189 293 570 646 92 886 896 269 666 489 835 755 309 275 641 315 418 436 190 788 981 886 462 663 966 358 953 531 458 448 403 741 959 389 345 186; 340 966 285 819 697 771 828 1042 754 72 896 220 880 245 906 557 994 348 691 244 385 869 839 703 673 357 321 626 288 457 510 529 155 0 515 731 109 207 493 993 223 949 715 265 677 541 693 1000 620 773 437 855 185 570 430 1028 747 602 82 313 312 543 709 247 974 982 115 583 643 753 712 264 324 539 161 540 317 307 859 908 963 507 766 996 387 1019 678 359 338 248 756 982 238 197 340; 224 845 268 487 957 838 879 920 442 574 723 296 912 679 587 812 928 471 982 333 151 692 406 920 930 773 553 881 257 158 453 918 612 515 0 308 437 347 27 867 650 776 935 310 965 864 389 848 692 913 766 501 391 137 280 874 274 148 596 626 418 281 655 680 942 942 463 89 978 245 306 319 476 34 480 746 208 610 790 407 889 497 835 758 431 899 960 157 179 408 525 722 504 518 742; 391 625 446 202 944 729 754 691 184 800 492 540 769 818 295 820 727 527 984 494 360 462 109 886 919 884 626 876 443 276 401 990 778 731 308 0 684 527 332 641 791 537 901 594 968 903 167 611 620 834 827 203 659 181 325 633 92 161 804 714 501 218 513 818 758 755 715 222 1008 196 29 474 546 317 746 740 481 698 608 244 690 451 728 486 465 672 960 407 446 694 302 445 786 790 850; 299 991 250 796 786 828 884 1070 732 143 909 146 934 350 888 642 1031 386 785 234 325 881 792 785 761 462 385 713 248 408 526 633 260 109 437 684 0 194 413 1019 326 964 798 160 770 637 670 1020 672 844 531 828 76 512 410 1048 687 542 184 397 338 517 739 352 1017 1024 34 513 742 681 668 250 367 457 84 615 231 388 892 840 998 533 824 998 411 1046 771 288 258 144 752 979 160 133 443; 140 799 85 614 674 658 712 878 549 278 715 121 759 332 703 524 844 213 685 40 200 686 634 656 647 429 249 597 93 257 333 583 267 207 347 527 194 0 331 826 303 770 670 231 669 550 487 827 500 692 444 649 220 374 224 855 550 407 277 299 155 337 550 333 834 840 228 399 663 568 507 58 199 377 277 478 198 285 703 716 810 343 654 805 223 854 667 197 198 293 560 787 347 326 400; 214 859 254 509 953 842 885 935 462 551 739 274 919 663 609 806 940 465 976 320 139 707 432 917 925 759 544 876 242 162 457 906 594 493 27 332 413 331 0 881 634 792 932 284 959 855 408 864 694 914 756 524 366 159 281 890 300 172 575 614 410 293 663 664 952 953 438 115 969 271 330 307 469 47 455 742 183 599 801 432 901 499 840 777 428 913 955 137 156 382 542 742 478 492 728; 772 28 796 451 674 352 319 54 457 1060 149 923 284 905 393 649 117 646 732 788 808 179 632 595 662 891 696 652 806 732 494 883 930 993 867 641 1019 826 881 0 892 109 602 1026 722 758 490 46 418 466 759 474 1043 738 645 56 732 745 1025 756 684 589 285 903 177 165 1051 810 807 837 620 775 670 892 1102 585 932 749 149 835 98 487 355 216 609 32 711 863 903 1110 347 260 1173 1152 864; 434 864 383 825 484 614 672 936 760 246 822 388 727 30 897 354 869 286 473 319 501 802 892 501 462 137 203 418 394 543 464 307 70 223 650 791 326 303 634 892 0 871 511 468 459 322 706 908 483 591 222 867 400 662 466 935 831 695 186 138 292 577 611 30 838 848 337 697 420 863 766 336 262 680 384 359 485 143 747 1003 843 439 610 942 348 914 462 499 494 469 726 938 459 415 117; 702 104 731 343 715 396 377 155 354 1018 56 858 354 887 284 667 219 607 772 731 730 87 523 636 700 887 670 682 739 649 440 900 902 949 776 537 964 770 792 109 871 0 646 957 760 777 392 75 421 518 763 365 981 644 574 98 627 648 989 739 637 505 264 885 271 262 998 715 840 732 517 716 632 800 1047 595 858 730 179 727 190 444 398 121 562 139 749 786 827 1045 251 158 1114 1096 858; 727 580 707 813 73 252 286 622 768 753 623 791 333 504 831 158 521 473 130 654 799 622 963 15 69 425 423 95 721 780 507 328 578 715 935 901 798 670 932 602 511 646 0 898 123 217 745 640 283 140 292 856 860 869 658 658 979 896 696 402 533 708 432 501 465 479 820 935 215 1057 871 656 477 969 872 193 861 410 468 1144 514 457 249 760 504 608 112 831 851 936 665 782 951 911 416; 255 1000 231 737 896 887 939 1079 679 301 901 111 985 494 835 747 1056 443 903 258 243 871 700 884 870 604 475 820 221 333 538 772 408 265 310 594 160 231 284 1026 468 957 898 0 887 760 617 1020 728 923 653 763 90 413 383 1048 579 438 343 510 384 468 762 496 1052 1057 173 395 870 554 584 264 431 323 175 707 113 499 914 717 1020 559 883 972 445 1056 886 189 148 101 723 946 195 208 582; 748 699 719 900 51 370 408 744 850 705 734 786 456 446 927 154 643 494 17 659 822 730 1039 128 61 350 422 92 733 816 567 221 529 677 965 968 770 669 959 722 459 760 123 887 0 138 821 758 370 263 240 944 838 914 697 777 1041 944 645 377 550 764 531 443 588 601 788 976 93 1111 938 666 491 999 838 228 866 389 584 1210 636 516 367 871 537 728 11 846 860 913 756 890 915 872 350; 642 733 607 863 170 416 465 788 807 568 742 663 519 307 904 110 697 396 151 545 716 733 984 213 154 214 312 126 621 722 505 125 392 541 864 903 637 550 855 758 322 777 217 760 138 0 769 788 359 338 107 908 707 828 609 811 969 860 507 251 446 690 526 305 648 661 653 884 114 1030 874 554 388 897 702 186 747 265 612 1142 682 457 412 878 449 770 141 735 745 780 727 891 779 736 212; 374 472 420 127 794 563 587 543 63 764 342 537 602 731 220 678 568 423 837 448 375 311 218 731 769 780 520 729 422 285 266 867 707 693 389 167 670 487 408 490 706 392 745 617 821 769 0 466 463 671 703 163 664 254 263 490 258 256 755 608 415 153 347 730 595 593 703 323 869 357 140 430 446 411 744 596 507 594 443 404 530 312 562 369 360 522 813 430 473 715 144 336 798 792 746; 766 60 792 417 711 388 359 82 429 1068 125 919 327 922 354 679 163 653 768 788 797 157 597 631 698 914 710 685 801 718 494 912 943 1000 848 611 1020 827 864 46 908 75 640 1020 758 788 466 0 442 505 784 438 1041 717 638 28 702 722 1035 773 688 574 298 920 223 211 1053 789 842 807 592 774 678 873 1103 611 923 766 176 799 143 493 391 171 613 69 747 853 893 1107 324 216 1172 1153 886; 510 391 507 532 337 158 212 458 484 679 384 617 262 492 557 251 386 288 385 470 574 373 680 269 314 473 301 281 520 534 242 479 529 620 692 620 672 500 694 418 483 421 283 728 370 359 463 442 0 222 343 575 716 607 413 466 702 631 635 345 345 440 167 490 357 367 701 677 436 785 591 466 306 725 755 174 664 341 270 864 361 196 155 519 286 436 361 616 645 791 386 532 832 802 446; 723 446 713 722 213 124 147 484 683 821 501 813 193 589 726 248 381 481 271 668 789 504 884 136 206 529 459 214 726 755 464 458 652 773 913 834 844 692 914 466 591 518 140 923 263 338 671 505 222 0 387 763 898 829 633 522 918 853 769 465 542 661 333 587 324 338 869 899 354 1005 805 667 492 946 923 234 870 468 339 1075 376 417 123 635 495 470 252 829 854 974 572 662 1002 966 513; 542 732 505 806 262 437 492 795 746 468 722 556 548 212 857 140 713 306 255 442 617 708 914 283 240 142 214 197 518 629 438 164 291 437 766 827 531 444 756 759 222 763 292 653 240 107 703 784 343 387 0 850 600 739 521 808 887 771 408 145 350 610 502 210 671 683 548 791 219 942 799 452 294 799 598 176 642 159 610 1061 693 394 433 854 364 775 241 632 641 674 679 861 675 633 126; 530 464 579 44 912 645 655 519 107 927 331 691 657 891 94 810 575 582 960 611 521 307 159 843 889 936 677 853 580 430 415 1012 870 855 501 203 828 649 524 474 867 365 856 763 944 908 163 438 575 763 850 0 817 366 426 455 281 354 919 764 577 312 430 891 616 610 861 420 1001 385 196 591 606 515 899 727 651 750 478 362 540 456 645 293 519 504 935 574 616 862 192 248 949 946 902; 291 1016 252 788 852 873 928 1095 726 212 925 127 977 425 883 705 1063 428 853 255 300 896 767 846 826 536 441 777 246 388 549 707 336 185 391 659 76 220 366 1043 400 981 860 90 838 707 664 1041 716 898 600 817 0 482 414 1069 653 509 259 462 374 512 769 427 1053 1059 83 472 813 636 646 267 411 407 89 673 184 452 922 797 1029 563 870 1006 442 1071 838 253 217 77 758 984 135 131 517; 234 717 289 350 900 742 779 791 305 636 592 366 806 691 450 761 805 433 932 347 187 561 287 853 873 771 527 826 283 119 366 898 637 570 137 181 512 374 159 738 662 644 869 413 914 828 254 717 607 829 739 366 482 0 219 742 177 34 647 609 391 170 545 691 824 823 542 75 940 204 174 328 445 157 570 688 301 593 671 343 767 414 740 621 380 770 908 229 267 514 393 585 607 613 738; 128 620 163 390 685 562 607 699 325 501 518 288 643 494 479 544 685 215 715 185 169 488 427 643 658 563 311 610 168 123 178 682 455 430 280 325 410 224 281 645 466 574 658 383 697 609 263 638 413 633 521 426 414 219 0 665 370 250 494 396 179 115 396 494 689 691 444 278 721 421 300 166 229 313 488 473 287 380 543 545 648 218 559 593 161 676 692 221 258 473 344 571 548 537 529; 793 78 820 437 730 407 375 70 451 1095 151 947 339 948 369 701 166 681 787 816 824 182 615 650 717 939 737 706 829 745 522 935 971 1028 874 633 1048 855 890 56 935 98 658 1048 777 811 490 28 466 522 808 455 1069 742 665 0 723 746 1063 800 716 601 325 947 229 216 1081 813 862 828 614 802 706 898 1132 635 951 792 199 816 152 521 410 179 641 65 766 880 920 1134 349 225 1201 1181 911; 410 717 466 288 1020 816 843 782 276 813 583 542 860 859 375 891 819 583 1058 521 364 554 143 964 994 933 680 950 460 293 474 1049 811 747 274 92 687 550 300 732 831 627 979 579 1041 969 258 702 702 918 887 281 653 177 370 723 0 146 823 766 549 279 602 859 850 847 717 185 1077 105 118 502 599 273 742 812 470 750 700 175 782 525 815 572 523 764 1034 401 436 679 394 528 774 783 899; 267 725 322 343 929 763 798 798 303 667 598 396 824 724 442 791 816 465 961 380 218 566 263 880 902 804 559 855 316 152 391 931 671 602 148 161 542 407 172 745 695 648 896 438 944 860 256 722 631 853 771 354 509 34 250 746 146 0 679 642 424 192 562 725 837 836 571 68 971 171 159 362 478 161 598 717 327 626 684 310 778 440 761 619 411 777 938 256 293 539 398 582 632 640 771; 414 997 359 881 670 779 837 1073 816 61 936 302 891 201 965 539 1017 382 658 311 464 912 911 685 649 307 334 604 364 532 555 478 118 82 596 804 184 277 575 1025 186 989 696 343 645 507 755 1035 635 769 408 919 259 647 494 1063 823 679 0 304 357 609 740 203 992 1001 180 662 601 833 783 331 357 621 214 534 399 303 886 987 988 545 775 1043 430 1050 648 440 420 314 808 1032 282 236 298; 402 728 362 721 390 479 536 799 658 357 691 411 592 149 785 245 731 187 393 298 476 672 808 390 365 172 88 316 375 495 351 292 189 313 626 714 397 299 614 756 138 739 402 510 377 251 608 773 345 465 145 764 462 609 396 800 766 642 304 0 218 496 477 147 700 710 417 656 364 813 687 308 168 658 470 230 497 16 610 941 705 318 475 815 250 777 376 489 496 537 610 814 548 509 138; 198 656 174 537 546 503 556 734 471 382 583 273 604 319 614 398 694 61 567 127 272 557 600 518 519 384 137 469 188 279 198 508 293 312 418 501 338 155 410 684 292 637 533 384 550 446 415 688 345 542 350 577 374 391 179 716 549 424 357 218 0 285 402 318 681 687 370 441 560 595 476 125 59 451 422 340 330 202 554 724 660 197 499 686 75 711 546 298 318 448 452 675 496 471 350; 221 567 267 279 745 572 609 643 216 615 450 385 637 604 372 613 646 309 781 299 230 419 315 693 718 666 408 673 270 144 201 773 570 543 281 218 517 337 293 589 577 505 708 468 764 690 153 574 440 661 610 312 512 170 115 601 279 192 609 496 285 0 376 603 660 661 551 243 798 349 191 280 328 310 591 535 361 480 508 452 608 252 570 505 247 621 757 286 328 564 259 478 646 639 632; 516 257 531 388 493 218 241 334 352 775 220 654 262 625 399 417 295 361 545 513 565 208 553 419 472 624 412 445 541 503 224 645 646 709 655 513 739 550 663 285 611 264 432 762 531 526 347 298 167 333 502 430 769 545 396 325 602 562 740 477 402 376 0 624 293 297 771 619 601 696 485 503 385 685 823 340 677 469 153 749 260 206 218 354 328 310 521 616 652 839 238 365 896 872 594; 464 875 413 849 470 617 674 946 784 264 837 418 730 2 919 346 876 309 456 349 531 817 918 492 450 110 221 407 424 573 485 282 92 247 680 818 352 333 664 903 30 885 501 496 443 305 730 920 490 587 210 891 427 691 494 947 859 725 203 147 318 603 624 0 843 853 361 727 399 892 793 366 285 710 406 358 515 155 757 1032 851 458 612 959 371 924 446 529 524 494 747 956 480 435 95; 809 170 822 586 537 234 184 172 577 1035 288 943 132 845 547 544 63 631 595 799 858 310 768 460 530 811 658 530 833 793 516 772 886 974 942 758 1017 834 952 177 838 271 465 1052 588 648 595 223 357 324 671 616 1053 824 689 229 850 837 992 700 681 660 293 843 0 14 1048 898 678 952 734 790 653 971 1102 495 970 697 153 973 82 493 238 389 611 165 577 909 945 1126 456 429 1177 1149 788; 813 159 826 581 551 246 197 158 573 1043 281 948 146 855 539 557 50 638 609 805 860 304 763 474 544 823 667 543 837 795 520 785 896 982 942 755 1024 840 953 165 848 262 479 1057 601 661 593 211 367 338 683 610 1059 823 691 216 847 836 1001 710 687 661 297 853 14 0 1055 898 692 949 730 795 660 971 1108 507 974 707 153 968 72 498 250 378 617 152 591 912 948 1131 453 419 1183 1156 799; 332 1024 283 829 805 856 912 1102 766 130 942 176 963 359 922 663 1063 417 802 268 356 914 824 807 781 471 411 733 281 440 559 643 269 115 463 715 34 228 438 1051 337 998 820 173 788 653 703 1053 701 869 548 861 83 542 444 1081 717 571 180 417 370 551 771 361 1048 1055 0 540 756 707 700 284 396 482 54 639 255 410 924 867 1030 565 852 1032 443 1079 788 316 284 135 786 1013 133 101 455; 263 790 315 410 963 815 852 863 370 645 664 368 880 726 509 822 879 488 993 378 200 632 318 919 936 813 577 888 306 162 436 948 666 583 89 222 513 399 115 810 697 715 935 395 976 884 323 789 677 899 791 420 472 75 278 813 185 68 662 656 441 243 619 727 898 898 540 0 997 170 224 361 497 95 562 751 288 640 745 327 841 483 813 687 439 842 970 226 256 494 464 649 590 601 781; 756 784 721 957 144 456 496 831 903 662 810 775 546 401 991 192 732 509 92 659 831 804 1086 218 148 296 426 158 735 835 608 141 489 643 978 1008 742 663 969 807 420 840 215 870 93 114 869 842 436 354 219 1001 813 940 721 862 1077 971 601 364 560 798 601 399 678 692 756 997 0 1140 979 668 502 1011 804 274 861 378 667 1249 723 559 453 947 560 815 103 849 859 886 816 964 879 834 304; 430 821 484 393 1094 907 937 887 380 815 688 537 956 892 479 958 922 636 1128 545 370 658 237 1042 1067 974 730 1021 475 320 550 1102 835 753 245 196 681 568 271 837 863 732 1057 554 1111 1030 357 807 785 1005 942 385 636 204 421 828 105 171 833 813 595 349 696 892 952 949 707 170 1140 0 218 527 649 232 725 883 453 797 800 162 885 600 906 676 581 868 1104 395 423 650 497 632 747 762 941; 373 604 427 189 915 701 726 671 163 782 471 525 742 793 286 791 704 500 955 473 347 441 128 856 889 858 599 847 425 260 372 962 755 712 306 29 668 507 330 620 766 517 871 584 938 874 140 592 591 805 799 196 646 174 300 614 118 159 783 687 476 191 485 793 734 730 700 224 979 218 0 453 519 319 732 711 471 672 583 273 666 422 699 472 438 652 931 395 436 684 278 432 775 777 823; 98 749 54 556 666 624 676 828 491 335 661 153 721 365 645 516 798 186 683 20 169 632 581 642 639 454 244 588 67 210 282 599 309 264 319 474 250 58 307 775 336 716 656 264 666 554 430 774 466 667 452 591 267 328 166 802 502 362 331 308 125 280 503 366 790 795 284 361 668 527 453 0 179 351 331 463 205 293 656 671 762 298 620 749 181 804 663 181 195 337 502 730 398 381 423; 257 642 230 564 488 463 518 719 500 390 580 320 567 285 635 339 670 26 508 177 331 556 641 462 461 338 82 411 244 335 205 453 275 324 476 546 367 199 469 670 262 632 477 431 491 388 446 678 306 492 294 606 411 445 229 706 599 478 357 168 59 328 385 285 653 660 396 497 502 649 519 179 0 510 450 284 384 152 535 773 639 188 459 691 87 695 487 356 374 487 466 683 527 497 304; 257 871 299 503 991 870 911 946 461 596 748 319 943 710 603 846 956 505 1016 365 183 716 411 953 964 804 586 915 288 191 486 950 641 539 34 317 457 377 47 892 680 800 969 323 999 897 411 873 725 946 799 515 407 157 313 898 273 161 621 658 451 310 685 710 971 971 482 95 1011 232 319 351 510 0 496 780 227 643 818 394 917 530 868 777 465 924 994 183 201 418 549 741 515 531 774; 370 1075 326 869 857 910 966 1154 806 157 991 208 1017 404 963 715 1116 470 852 316 386 963 854 860 833 515 465 785 322 473 609 687 315 161 480 746 84 277 455 1102 384 1047 872 175 838 702 744 1103 755 923 598 899 89 570 488 1132 742 598 214 470 422 591 823 406 1102 1108 54 562 804 725 732 331 450 496 0 693 274 462 976 887 1082 617 906 1079 495 1130 839 341 306 106 831 1058 79 49 501; 535 558 514 683 212 263 319 619 629 587 558 599 375 360 719 83 536 280 245 460 607 547 814 179 185 316 233 138 528 594 339 305 418 540 746 740 615 478 742 585 359 595 193 707 228 186 596 611 174 234 176 727 673 688 473 635 812 717 534 230 340 535 340 358 495 507 639 751 274 883 711 463 284 780 693 0 668 234 436 982 517 288 259 693 315 600 222 638 657 750 544 705 772 734 294; 161 907 157 626 868 821 871 986 569 370 802 99 913 514 725 718 970 391 882 208 132 771 588 846 841 618 444 791 144 222 454 778 436 317 208 481 231 198 183 932 485 858 861 113 866 747 507 923 664 870 642 651 184 301 287 951 470 327 399 497 330 361 677 515 970 974 255 288 861 453 471 205 384 227 274 668 0 483 827 613 933 482 817 866 378 962 863 77 35 213 619 839 306 313 591; 386 721 347 708 400 478 535 793 644 354 682 399 590 157 772 253 727 172 404 283 460 662 793 397 374 187 73 325 360 479 338 308 190 307 610 698 388 285 599 749 143 730 410 499 389 265 594 766 341 468 159 750 452 593 380 792 750 626 303 16 202 480 469 155 697 707 410 640 378 797 672 293 152 643 462 234 483 0 604 925 700 306 473 805 235 770 388 474 482 528 598 803 541 502 153; 666 122 683 444 538 217 199 189 428 924 168 807 184 758 418 502 143 511 595 667 711 180 624 459 524 743 554 509 693 643 376 736 788 859 790 608 892 703 801 149 747 179 468 914 584 612 443 176 270 339 610 478 922 671 543 199 700 684 886 610 554 508 153 757 153 153 924 745 667 800 583 656 535 818 976 436 827 604 0 828 107 360 219 298 481 167 574 763 801 992 307 328 1049 1025 716; 577 825 632 387 1188 967 988 881 402 972 691 696 999 1032 448 1061 934 757 1227 690 523 665 205 1129 1162 1107 855 1119 625 461 644 1224 981 908 407 244 840 716 432 835 1003 727 1144 717 1210 1142 404 799 864 1075 1061 362 797 343 545 816 175 310 987 941 724 452 749 1032 973 968 867 327 1249 162 273 671 773 394 887 982 613 925 828 0 899 694 966 647 698 865 1203 553 583 813 523 601 909 924 1074; 772 88 789 512 587 268 229 108 507 1027 209 914 188 853 468 575 38 616 645 773 815 234 694 508 576 830 654 570 800 746 482 807 886 963 889 690 998 810 901 98 843 190 514 1020 636 682 530 143 361 376 693 540 1029 767 648 152 782 778 988 705 660 608 260 851 82 72 1030 841 723 885 666 762 639 917 1082 517 933 700 107 899 0 466 272 307 588 94 625 868 906 1099 388 347 1156 1131 804; 323 460 330 412 495 345 391 538 352 575 392 451 431 459 468 369 501 162 533 308 382 368 528 441 469 486 237 425 342 339 51 556 462 507 497 451 533 343 499 487 439 444 457 559 516 457 312 493 196 417 394 456 563 414 218 521 525 440 545 318 197 252 206 458 493 498 565 483 559 600 422 298 188 530 617 288 482 306 360 694 466 0 342 505 122 514 509 428 460 634 292 499 690 666 452; 662 332 661 604 320 4 62 379 569 822 379 772 117 614 604 306 285 442 378 625 724 381 771 240 307 574 446 299 674 678 382 536 663 766 835 728 824 654 840 355 610 398 249 883 367 412 562 391 155 123 433 645 870 740 559 410 815 761 775 475 499 570 218 612 238 250 852 813 453 906 699 620 459 868 906 259 817 473 219 966 272 342 0 514 441 362 356 768 798 945 455 539 984 952 552; 718 219 755 285 828 512 497 248 317 1067 137 881 475 960 201 769 332 665 883 765 735 146 451 749 811 972 739 790 761 648 489 998 966 996 758 486 998 805 777 216 942 121 760 972 871 878 369 171 519 635 854 293 1006 621 593 179 572 619 1043 815 686 505 354 959 389 378 1032 687 947 676 472 749 691 777 1079 693 866 805 298 647 307 505 514 0 613 239 860 791 833 1065 249 47 1141 1128 940; 228 582 221 478 527 444 495 660 413 457 508 334 540 372 549 383 622 64 554 189 296 483 558 489 499 422 162 451 234 279 124 527 358 387 431 465 411 223 428 609 348 562 504 445 537 449 360 613 286 495 364 519 442 380 161 641 523 411 430 250 75 247 328 371 611 617 443 439 560 581 438 181 87 465 495 315 378 235 481 698 588 122 441 613 0 636 532 333 360 515 383 603 568 544 388; 803 56 826 482 680 359 322 23 489 1085 181 952 282 925 422 661 102 671 738 816 839 211 662 600 669 909 719 661 835 763 522 895 953 1019 899 672 1046 854 913 32 914 139 608 1056 728 770 522 69 436 470 775 504 1071 770 676 65 764 777 1050 777 711 621 310 924 165 152 1079 842 815 868 652 804 695 924 1130 600 962 770 167 865 94 514 362 239 636 0 717 894 933 1139 379 284 1201 1179 882; 744 688 716 891 41 359 397 733 841 708 723 784 445 448 917 149 632 489 24 657 818 720 1031 117 50 355 420 84 729 811 560 229 531 678 960 960 771 667 955 711 462 749 112 886 11 141 813 747 361 252 241 935 838 908 692 766 1034 938 648 376 546 757 521 446 577 591 788 970 103 1104 931 663 487 994 839 222 863 388 574 1203 625 509 356 860 532 717 0 842 857 913 746 880 916 874 354; 106 838 128 549 844 771 819 917 492 420 730 143 858 528 647 695 906 358 863 191 56 699 514 816 817 626 425 767 114 146 395 777 458 359 157 407 288 197 137 863 499 786 831 189 846 735 430 853 616 829 632 574 253 229 221 880 401 256 440 489 298 286 616 529 909 912 316 226 849 395 395 181 356 183 341 638 77 474 763 553 868 428 768 791 333 894 842 0 43 289 544 763 380 384 596; 137 878 144 591 861 801 850 956 534 395 771 118 891 523 690 711 943 378 877 201 99 740 553 836 834 625 438 783 130 188 429 781 448 338 179 446 258 198 156 903 494 827 851 148 860 745 473 893 645 854 641 616 217 267 258 920 436 293 420 496 318 328 652 524 945 948 284 256 859 423 436 195 374 201 306 657 35 482 801 583 906 460 798 833 360 933 857 43 0 248 586 805 340 347 597; 347 1084 314 836 927 949 1003 1163 777 260 989 187 1051 493 933 781 1134 503 928 327 342 960 801 923 902 604 517 853 306 433 618 776 403 248 408 694 144 293 382 1110 469 1045 936 101 913 780 715 1107 791 974 674 862 77 514 473 1134 679 539 314 537 448 564 839 494 1126 1131 135 494 886 650 684 337 487 418 106 750 213 528 992 813 1099 634 945 1065 515 1139 913 289 248 0 816 1041 97 121 587; 469 328 507 150 722 455 469 399 122 827 199 632 477 748 178 626 426 441 771 519 488 168 321 652 699 778 527 666 512 403 262 837 741 756 525 302 752 560 542 347 726 251 665 723 756 727 144 324 386 572 679 192 758 393 344 349 394 398 808 610 452 259 238 747 456 453 786 464 816 497 278 502 466 549 831 544 619 598 307 523 388 292 455 249 383 379 746 544 586 816 0 227 892 880 744; 694 260 733 243 849 538 527 294 280 1053 161 858 509 958 155 783 375 657 903 747 707 161 405 771 830 975 736 807 739 619 479 1009 959 982 722 445 979 787 742 260 938 158 782 946 890 891 336 216 532 662 861 248 984 585 571 225 528 582 1032 814 675 478 365 956 429 419 1013 649 964 632 432 730 683 741 1058 705 839 803 328 601 347 499 539 47 603 284 880 763 805 1041 227 0 1119 1107 943; 425 1146 386 921 934 988 1044 1225 860 222 1058 261 1094 478 1017 793 1189 546 929 385 430 1029 893 938 911 588 544 863 380 520 679 759 389 238 504 786 160 347 478 1173 459 1114 951 195 915 779 798 1172 832 1002 675 949 135 607 548 1201 774 632 282 548 496 646 896 480 1177 1183 133 590 879 747 775 398 527 515 79 772 306 541 1049 909 1156 690 984 1141 568 1201 916 380 340 97 892 1119 0 47 575; 418 1124 374 916 893 956 1012 1203 854 175 1041 255 1063 433 1011 753 1164 518 886 366 431 1012 898 899 870 542 509 822 370 519 659 714 345 197 518 790 133 326 492 1152 415 1096 911 208 872 736 792 1153 802 966 633 946 131 613 537 1181 783 640 236 509 471 639 872 435 1149 1156 101 601 834 762 777 381 497 531 49 734 313 502 1025 924 1131 666 952 1128 544 1179 874 384 347 121 880 1107 47 0 530; 520 837 474 859 380 557 612 903 796 359 813 497 669 97 920 266 826 324 362 409 592 796 945 408 361 34 226 321 486 622 488 191 186 340 742 850 443 400 728 864 117 858 416 582 350 212 746 886 446 513 126 902 517 738 529 911 899 771 298 138 350 632 594 95 788 799 455 781 304 941 823 423 304 774 501 294 591 153 716 1074 804 452 552 940 388 882 354 596 597 587 744 943 575 530 0]
th = [4, 3, 1, 6, 2, 7, 9, 2, 3, 7, 3, 5, 7, 4, 8, 6, 4, 8, 5, 5, 6, 1, 4, 7, 0, 0, 10, 7, 4, 7, 9, 3, 0, 3, 6, 1, 2, 7, 2, 10, 1, 5, 3, 4, 9, 6, 3, 1, 2, 4, 3, 6, 3, 4, 7, 3, 2, 9, 1, 9, 9, 6, 7, 8, 5, 10, 9, 2, 3, 2, 9, 2, 8, 3, 1, 4, 6, 5, 5, 8, 6, 6, 5, 4, 5, 3, 4, 9, 6, 2, 7, 8, 3, 3, 8]
T = 4
d = [0, 0, 6, 7, 9, 2, 3, 1, 3, 8, 1, 10, 4, 7, 2, 2, 6, 4, 0, 7, 7, 6, 5, 7, 8, 8, 3, 8, 2, 3, 4, 0, 9, 7, 7, 3, 2, 1, 8, 8, 6, 9, 10, 8, 1, 2, 2, 2, 6, 8, 8, 4, 5, 2, 2, 0, 5, 10, 3, 7, 6, 8, 6, 3, 8, 4, 1, 8, 8, 8, 7, 0, 6, 9, 6, 2, 9, 0, 3, 4, 4, 1, 2, 7, 9, 9, 7, 3, 2, 8, 7, 0, 7, 4, 7]
C = 20
